% 10-Apr-2024 12:17:52
% Time, s	 Pressure, mBar	 Temperature, degC
0.005 841.2820 17.8434
0.015 841.2778 17.8502
0.025 841.2820 17.8577
0.035 841.2845 17.8646
0.045 841.2820 17.8712
0.055 841.2807 17.8788
0.065 841.2807 17.8843
0.075 841.2807 17.8892
0.085 841.2807 17.8951
0.095 841.2923 17.9019
0.105 841.2967 17.9084
0.115 841.2967 17.9125
0.125 841.2923 17.9181
0.135 841.2969 17.9243
0.145 841.2912 17.9276
0.155 841.2912 17.9316
0.165 841.2969 17.9349
0.175 841.2969 17.9372
0.185 841.2989 17.9428
0.195 841.3049 17.9476
0.205 841.3049 17.9510
0.215 841.2961 17.9548
0.225 841.2886 17.9581
0.235 841.2886 17.9621
0.245 841.2852 17.9650
0.255 841.2852 17.9681
0.265 841.2918 17.9713
0.275 841.2967 17.9751
0.285 841.3000 17.9775
0.295 841.3046 17.9782
0.305 841.3046 17.9803
0.315 841.3027 17.9833
0.325 841.3046 17.9865
0.335 841.3033 17.9893
0.345 841.3033 17.9909
0.355 841.3033 17.9922
0.365 841.3088 17.9950
0.375 841.3033 17.9975
0.385 841.2997 17.9990
0.395 841.2997 18.0010
0.405 841.2938 18.0026
0.415 841.2938 18.0029
0.425 841.2939 18.0039
0.435 841.3077 18.0061
0.445 841.3022 18.0089
0.455 841.3022 18.0122
0.465 841.3022 18.0135
0.475 841.3036 18.0143
0.485 841.3022 18.0150
0.495 841.3036 18.0163
0.505 841.3136 18.0163
0.515 841.3139 18.0176
0.525 841.3136 18.0196
0.535 841.3139 18.0198
0.545 841.3136 18.0215
0.555 841.3139 18.0238
0.565 841.3044 18.0247
0.575 841.3044 18.0255
0.585 841.3044 18.0271
0.595 841.3113 18.0275
0.605 841.3113 18.0275
0.615 841.3120 18.0287
0.625 841.3120 18.0298
0.635 841.3113 18.0320
0.645 841.3116 18.0334
0.655 841.3116 18.0314
0.665 841.3116 18.0335
0.675 841.3189 18.0358
0.685 841.3189 18.0350
0.695 841.3214 18.0354
0.705 841.3189 18.0374
0.715 841.3098 18.0392
0.725 841.3098 18.0384
0.735 841.3018 18.0383
0.745 841.3018 18.0400
0.755 841.3048 18.0419
0.765 841.3048 18.0423
0.775 841.3031 18.0420
0.785 841.3048 18.0420
0.795 841.3048 18.0432
0.805 841.3031 18.0442
0.815 841.3088 18.0440
0.825 841.3124 18.0442
0.835 841.3088 18.0447
0.845 841.3056 18.0455
0.855 841.3088 18.0462
0.865 841.3157 18.0463
0.875 841.3152 18.0469
0.885 841.3157 18.0487
0.895 841.3157 18.0492
0.905 841.3152 18.0485
0.915 841.3133 18.0487
0.925 841.3133 18.0496
0.935 841.3040 18.0491
0.945 841.3039 18.0489
0.955 841.3039 18.0509
0.965 841.2883 18.0512
0.975 841.2883 18.0503
0.985 841.2883 18.0515
0.995 841.2993 18.0525
1.005 841.3073 18.0543
1.015 841.3239 18.0560
1.025 841.3278 18.0559
1.035 841.3278 18.0556
1.045 841.3278 18.0567
1.055 841.3239 18.0559
1.065 841.3087 18.0555
1.075 841.3087 18.0571
1.085 841.3087 18.0577
1.095 841.3084 18.0567
1.105 841.3084 18.0585
1.115 841.3128 18.0592
1.125 841.3082 18.0573
1.135 841.3273 18.0588
1.145 841.3273 18.0601
1.155 841.3130 18.0611
1.165 841.3130 18.0591
1.175 841.3142 18.0573
1.185 841.3142 18.0595
1.195 841.3142 18.0612
1.205 841.3167 18.0608
1.215 841.3142 18.0599
1.225 841.3080 18.0596
1.235 841.3067 18.0596
1.245 841.3067 18.0607
1.255 841.3067 18.0624
1.265 841.3067 18.0629
1.275 841.3067 18.0625
1.285 841.3162 18.0629
1.295 841.3136 18.0628
1.305 841.3136 18.0636
1.315 841.3214 18.0664
1.325 841.3247 18.0669
1.335 841.3214 18.0644
1.345 841.3214 18.0645
1.355 841.3175 18.0664
1.365 841.3170 18.0661
1.375 841.3170 18.0667
1.385 841.3175 18.0667
1.395 841.3236 18.0656
1.405 841.3236 18.0657
1.415 841.3259 18.0643
1.425 841.3259 18.0652
1.435 841.3195 18.0675
1.445 841.3084 18.0661
1.455 841.3195 18.0668
1.465 841.3176 18.0679
1.475 841.3195 18.0672
1.485 841.3176 18.0683
1.495 841.3280 18.0700
1.505 841.3176 18.0696
1.515 841.3113 18.0700
1.525 841.3113 18.0700
1.535 841.3113 18.0689
1.545 841.3113 18.0701
1.555 841.3200 18.0705
1.565 841.3200 18.0709
1.575 841.3155 18.0707
1.585 841.3155 18.0696
1.595 841.3155 18.0687
1.605 841.3155 18.0689
1.615 841.3147 18.0708
1.625 841.3147 18.0719
1.635 841.3170 18.0716
1.645 841.3147 18.0724
1.655 841.3120 18.0728
1.665 841.3120 18.0740
1.675 841.3120 18.0735
1.685 841.3091 18.0707
1.695 841.3091 18.0713
1.705 841.3017 18.0735
1.715 841.3017 18.0737
1.725 841.3017 18.0733
1.735 841.3017 18.0735
1.745 841.3062 18.0731
1.755 841.3329 18.0729
1.765 841.3257 18.0739
1.775 841.3257 18.0756
1.785 841.3257 18.0744
1.795 841.3257 18.0743
1.805 841.3219 18.0757
1.815 841.3178 18.0760
1.825 841.3178 18.0775
1.835 841.3072 18.0769
1.845 841.3054 18.0767
1.855 841.3072 18.0775
1.865 841.3072 18.0751
1.875 841.3074 18.0739
1.885 841.3074 18.0741
1.895 841.3185 18.0760
1.905 841.3185 18.0767
1.915 841.3074 18.0769
1.925 841.3131 18.0779
1.935 841.3131 18.0773
1.945 841.3131 18.0771
1.955 841.3131 18.0769
1.965 841.3131 18.0780
1.975 841.3134 18.0776
1.985 841.3134 18.0772
1.995 841.3134 18.0780
2.005 841.3134 18.0788
2.015 841.3134 18.0784
2.025 841.3129 18.0781
2.035 841.2970 18.0785
2.045 841.2970 18.0783
2.055 841.3043 18.0793
2.065 841.3043 18.0793
2.075 841.3043 18.0792
2.085 841.3368 18.0799
2.095 841.3121 18.0792
2.105 841.3121 18.0788
2.115 841.3026 18.0789
2.125 841.3010 18.0801
2.135 841.3010 18.0808
2.145 841.3010 18.0796
2.155 841.3010 18.0799
2.165 841.3141 18.0815
2.175 841.3225 18.0820
2.185 841.3207 18.0815
2.195 841.3141 18.0804
2.205 841.3141 18.0799
2.215 841.3207 18.0815
2.225 841.3125 18.0823
2.235 841.3108 18.0831
2.245 841.3103 18.0820
2.255 841.3103 18.0823
2.265 841.3103 18.0840
2.275 841.3108 18.0829
2.285 841.3111 18.0825
2.295 841.3262 18.0824
2.305 841.3281 18.0832
2.315 841.3262 18.0833
2.325 841.3262 18.0831
2.335 841.3218 18.0838
2.345 841.3218 18.0835
2.355 841.3218 18.0836
2.365 841.3288 18.0842
2.375 841.3288 18.0852
2.385 841.3307 18.0845
2.395 841.3307 18.0841
2.405 841.3307 18.0860
2.415 841.3166 18.0857
2.425 841.3166 18.0857
2.435 841.3166 18.0846
2.445 841.3166 18.0838
2.455 841.3232 18.0849
2.465 841.3233 18.0857
2.475 841.3233 18.0874
2.485 841.3256 18.0876
2.495 841.3300 18.0865
2.505 841.3256 18.0852
2.515 841.3186 18.0857
2.525 841.3186 18.0874
2.535 841.3153 18.0872
2.545 841.3153 18.0874
2.555 841.3153 18.0870
2.565 841.3153 18.0850
2.575 841.3061 18.0846
2.585 841.3277 18.0854
2.595 841.3089 18.0880
2.605 841.3089 18.0888
2.615 841.3155 18.0884
2.625 841.3256 18.0884
2.635 841.3155 18.0868
2.645 841.3190 18.0870
2.655 841.3190 18.0880
2.665 841.3295 18.0892
2.675 841.3190 18.0888
2.685 841.3190 18.0877
2.695 841.3196 18.0880
2.705 841.3148 18.0881
2.715 841.3148 18.0894
2.725 841.3196 18.0897
2.735 841.3208 18.0869
2.745 841.3208 18.0882
2.755 841.3208 18.0921
2.765 841.3101 18.0922
2.775 841.3040 18.0897
2.785 841.3040 18.0880
2.795 841.3040 18.0900
2.805 841.3040 18.0908
2.815 841.3107 18.0894
2.825 841.3107 18.0900
2.835 841.3224 18.0892
2.845 841.3224 18.0888
2.855 841.3177 18.0905
2.865 841.3177 18.0916
2.875 841.3177 18.0917
2.885 841.3177 18.0904
2.895 841.3177 18.0912
2.905 841.3146 18.0910
2.915 841.3058 18.0910
2.925 841.3146 18.0924
2.935 841.3082 18.0934
2.945 841.3082 18.0930
2.955 841.3082 18.0896
2.965 841.3209 18.0877
2.975 841.3209 18.0876
2.985 841.3209 18.0892
2.995 841.3211 18.0917
3.005 841.3211 18.0944
3.015 841.3211 18.0945
3.025 841.3197 18.0937
3.035 841.3197 18.0929
3.045 841.3197 18.0918
3.055 841.3197 18.0933
3.065 841.3145 18.0938
3.075 841.3109 18.0934
3.085 841.3109 18.0940
3.095 841.3090 18.0954
3.105 841.3090 18.0950
3.115 841.3090 18.0932
3.125 841.3142 18.0940
3.135 841.3142 18.0940
3.145 841.3142 18.0942
3.155 841.3142 18.0958
3.165 841.3109 18.0945
3.175 841.3109 18.0942
3.185 841.3076 18.0940
3.195 841.3109 18.0938
3.205 841.3156 18.0948
3.215 841.3214 18.0948
3.225 841.3214 18.0973
3.235 841.3343 18.0973
3.245 841.3250 18.0965
3.255 841.3250 18.0970
3.265 841.3147 18.0966
3.275 841.3250 18.0966
3.285 841.2970 18.0952
3.295 841.2970 18.0938
3.305 841.3340 18.0937
3.315 841.3340 18.0956
3.325 841.3171 18.0968
3.335 841.3171 18.0946
3.345 841.3171 18.0945
3.355 841.3166 18.0966
3.365 841.3166 18.0966
3.375 841.3166 18.0965
3.385 841.3135 18.0965
3.395 841.3135 18.0961
3.405 841.3135 18.0960
3.415 841.3135 18.0957
3.425 841.3135 18.0964
3.435 841.3097 18.0981
3.445 841.3094 18.0978
3.455 841.3097 18.0952
3.465 841.3325 18.0961
3.475 841.3193 18.0978
3.485 841.3193 18.0958
3.495 841.3193 18.0956
3.505 841.3193 18.0976
3.515 841.3119 18.0972
3.525 841.3119 18.0965
3.535 841.3131 18.0972
3.545 841.3131 18.0974
3.555 841.3131 18.0989
3.565 841.3142 18.0992
3.575 841.3142 18.0978
3.585 841.3234 18.0982
3.595 841.3234 18.0982
3.605 841.3234 18.0972
3.615 841.3202 18.0958
3.625 841.3202 18.0968
3.635 841.3123 18.0974
3.645 841.3123 18.0970
3.655 841.3083 18.0985
3.665 841.3091 18.1001
3.675 841.3073 18.0980
3.685 841.3073 18.0962
3.695 841.2936 18.0984
3.705 841.3091 18.1002
3.715 841.3101 18.1001
3.725 841.3110 18.0990
3.735 841.3101 18.1012
3.745 841.3110 18.1010
3.755 841.3110 18.0989
3.765 841.3067 18.0986
3.775 841.3067 18.0990
3.785 841.3067 18.1001
3.795 841.3065 18.1004
3.805 841.3065 18.1001
3.815 841.3121 18.1005
3.825 841.3121 18.1016
3.835 841.3172 18.1014
3.845 841.3202 18.1024
3.855 841.3202 18.1036
3.865 841.3231 18.1026
3.875 841.3291 18.1013
3.885 841.3291 18.1009
3.895 841.3202 18.1021
3.905 841.3202 18.1022
3.915 841.3202 18.1005
3.925 841.2998 18.0994
3.935 841.2967 18.0994
3.945 841.2998 18.0997
3.955 841.3243 18.0998
3.965 841.2998 18.1024
3.975 841.3267 18.1029
3.985 841.3267 18.1016
3.995 841.3172 18.1029
4.005 841.3060 18.1024
4.015 841.3172 18.1006
4.025 841.3060 18.1018
4.035 841.3060 18.1025
4.045 841.3134 18.1009
4.055 841.3229 18.1018
4.065 841.3229 18.1037
4.075 841.3229 18.1050
4.085 841.3156 18.1044
4.095 841.3156 18.1025
4.105 841.3156 18.1032
4.115 841.3156 18.1040
4.125 841.3195 18.1049
4.135 841.3195 18.1053
4.145 841.3195 18.1042
4.155 841.3134 18.1037
4.165 841.3134 18.1041
4.175 841.3086 18.1030
4.185 841.3086 18.1022
4.195 841.3152 18.1033
4.205 841.3282 18.1044
4.215 841.3282 18.1050
4.225 841.3282 18.1050
4.235 841.3270 18.1038
4.245 841.3270 18.1041
4.255 841.3200 18.1049
4.265 841.3104 18.1033
4.275 841.3160 18.1037
4.285 841.3160 18.1062
4.295 841.3123 18.1065
4.305 841.3104 18.1052
4.315 841.3123 18.1040
4.325 841.3048 18.1036
4.335 841.3059 18.1038
4.345 841.3059 18.1048
4.355 841.3081 18.1057
4.365 841.3081 18.1045
4.375 841.3123 18.1036
4.385 841.3123 18.1044
4.395 841.3123 18.1048
4.405 841.3162 18.1042
4.415 841.3123 18.1044
4.425 841.3095 18.1042
4.435 841.3162 18.1050
4.445 841.3095 18.1053
4.455 841.3095 18.1056
4.465 841.2967 18.1056
4.475 841.3123 18.1056
4.485 841.3105 18.1060
4.495 841.3105 18.1060
4.505 841.3105 18.1070
4.515 841.3149 18.1061
4.525 841.3105 18.1057
4.535 841.3260 18.1061
4.545 841.3269 18.1062
4.555 841.3322 18.1070
4.565 841.3322 18.1086
4.575 841.3322 18.1080
4.585 841.3308 18.1064
4.595 841.3305 18.1062
4.605 841.3115 18.1072
4.615 841.3115 18.1066
4.625 841.3115 18.1060
4.635 841.3115 18.1068
4.645 841.3115 18.1065
4.655 841.3132 18.1069
4.665 841.3239 18.1056
4.675 841.3239 18.1056
4.685 841.3239 18.1086
4.695 841.3274 18.1085
4.705 841.3239 18.1064
4.715 841.3157 18.1070
4.725 841.3133 18.1081
4.735 841.3133 18.1084
4.745 841.3119 18.1090
4.755 841.3119 18.1092
4.765 841.3119 18.1077
4.775 841.3184 18.1070
4.785 841.3137 18.1070
4.795 841.3137 18.1085
4.805 841.3143 18.1101
4.815 841.3143 18.1076
4.825 841.3137 18.1065
4.835 841.3135 18.1073
4.845 841.3135 18.1069
4.855 841.3135 18.1086
4.865 841.3084 18.1100
4.875 841.3061 18.1097
4.885 841.3061 18.1089
4.895 841.3061 18.1081
4.905 841.3061 18.1092
4.915 841.3086 18.1105
4.925 841.3219 18.1093
4.935 841.3229 18.1077
4.945 841.3219 18.1097
4.955 841.3219 18.1105
4.965 841.3229 18.1090
4.975 841.3232 18.1092
4.985 841.3232 18.1113
4.995 841.3232 18.1106
5.005 841.3232 18.1086
5.015 841.3075 18.1093
5.025 841.3075 18.1102
5.035 841.3075 18.1096
5.045 841.3075 18.1092
5.055 841.3075 18.1102
5.065 841.3217 18.1108
5.075 841.2971 18.1102
5.085 841.2971 18.1108
5.095 841.3042 18.1117
5.105 841.3045 18.1097
5.115 841.3045 18.1096
5.125 841.3101 18.1121
5.135 841.3196 18.1116
5.145 841.3302 18.1108
5.155 841.3305 18.1110
5.165 841.3374 18.1117
5.175 841.4873 18.1124
5.185 841.6178 18.1125
5.195 841.6178 18.1128
5.205 841.6178 18.1125
5.215 841.4480 18.1120
5.225 841.3834 18.1122
5.235 841.1847 18.1130
5.245 841.0131 18.1117
5.255 840.8881 18.1110
5.265 840.5623 18.1102
5.275 840.5314 18.1106
5.285 840.5264 18.1118
5.295 840.5264 18.1106
5.305 840.5314 18.1106
5.315 840.5314 18.1105
5.325 840.5264 18.1112
5.335 840.4654 18.1098
5.345 840.4529 18.1102
5.355 840.4435 18.1118
5.365 840.4338 18.1112
5.375 840.4338 18.1117
5.385 840.4370 18.1120
5.395 840.4370 18.1113
5.405 840.4224 18.1094
5.415 840.3919 18.1094
5.425 840.3739 18.1104
5.435 840.3711 18.1110
5.445 840.3573 18.1114
5.455 840.3573 18.1128
5.465 840.3573 18.1121
5.475 840.3573 18.1116
5.485 840.2773 18.1125
5.495 840.3478 18.1121
5.505 840.3478 18.1125
5.515 840.3723 18.1122
5.525 840.3723 18.1120
5.535 840.3879 18.1140
5.545 840.3879 18.1141
5.555 840.3879 18.1130
5.565 840.3122 18.1134
5.575 840.3083 18.1133
5.585 840.3083 18.1128
5.595 840.3122 18.1128
5.605 840.3448 18.1148
5.615 840.3602 18.1149
5.625 840.3768 18.1142
5.635 840.3768 18.1141
5.645 840.3768 18.1130
5.655 840.3754 18.1134
5.665 840.3142 18.1129
5.675 840.3125 18.1125
5.685 840.3033 18.1137
5.695 840.2349 18.1138
5.705 840.2276 18.1154
5.715 840.2193 18.1157
5.725 840.2193 18.1134
5.735 840.2184 18.1138
5.745 840.2142 18.1149
5.755 840.1605 18.1141
5.765 840.1396 18.1138
5.775 840.1396 18.1145
5.785 840.1605 18.1142
5.795 840.1809 18.1146
5.805 840.1934 18.1140
5.815 840.1943 18.1142
5.825 840.1945 18.1154
5.835 840.1959 18.1154
5.845 840.2345 18.1168
5.855 840.2472 18.1153
5.865 840.2658 18.1132
5.875 840.2753 18.1133
5.885 840.2782 18.1148
5.895 840.2782 18.1150
5.905 840.2753 18.1144
5.915 840.2680 18.1152
5.925 840.2680 18.1140
5.935 840.2680 18.1137
5.945 840.2680 18.1161
5.955 840.2641 18.1157
5.965 840.2692 18.1144
5.975 840.2557 18.1137
5.985 840.2521 18.1153
5.995 840.2406 18.1176
6.005 840.2315 18.1188
6.015 840.2271 18.1172
6.025 840.2271 18.1160
6.035 840.2264 18.1178
6.045 840.2088 18.1177
6.055 840.2088 18.1161
6.065 840.2088 18.1160
6.075 840.1868 18.1166
6.085 840.1868 18.1166
6.095 840.1768 18.1174
6.105 840.1750 18.1172
6.115 840.1612 18.1184
6.125 840.1521 18.1197
6.135 840.1348 18.1176
6.145 840.1348 18.1160
6.155 840.1329 18.1173
6.165 840.1273 18.1180
6.175 840.1273 18.1177
6.185 840.1120 18.1184
6.195 840.1061 18.1176
6.205 840.1003 18.1157
6.215 840.0878 18.1164
6.225 840.0662 18.1180
6.235 840.0456 18.1162
6.245 840.0329 18.1152
6.255 840.0292 18.1165
6.265 840.0283 18.1164
6.275 840.0170 18.1164
6.285 840.0067 18.1162
6.295 840.0067 18.1169
6.305 839.9972 18.1168
6.315 839.9953 18.1169
6.325 839.9714 18.1168
6.335 839.9583 18.1158
6.345 839.9486 18.1182
6.355 839.9486 18.1193
6.365 839.9687 18.1193
6.375 839.9687 18.1193
6.385 839.9857 18.1202
6.395 839.9943 18.1209
6.405 839.9943 18.1196
6.415 839.9943 18.1189
6.425 839.9928 18.1181
6.435 839.9522 18.1178
6.445 839.9516 18.1182
6.455 839.9494 18.1178
6.465 839.9516 18.1176
6.475 839.9522 18.1181
6.485 839.9614 18.1198
6.495 839.9621 18.1209
6.505 839.9621 18.1190
6.515 839.9621 18.1185
6.525 839.9614 18.1181
6.535 839.9606 18.1184
6.545 839.9606 18.1193
6.555 839.9684 18.1194
6.565 839.9704 18.1193
6.575 839.9704 18.1206
6.585 839.9718 18.1211
6.595 839.9882 18.1184
6.605 839.9718 18.1200
6.615 839.9533 18.1206
6.625 839.9718 18.1177
6.635 839.9590 18.1184
6.645 839.9590 18.1194
6.655 839.9640 18.1202
6.665 839.9640 18.1210
6.675 839.9640 18.1210
6.685 839.9839 18.1201
6.695 839.9839 18.1178
6.705 839.9840 18.1181
6.715 839.9840 18.1190
6.725 839.9840 18.1194
6.735 839.9840 18.1201
6.745 839.9854 18.1196
6.755 839.9865 18.1208
6.765 840.0002 18.1198
6.775 840.0002 18.1198
6.785 839.9869 18.1211
6.795 839.9869 18.1208
6.805 839.9869 18.1215
6.815 839.9869 18.1222
6.825 840.0058 18.1229
6.835 840.0058 18.1210
6.845 840.0058 18.1210
6.855 840.0058 18.1223
6.865 840.0003 18.1206
6.875 839.9933 18.1215
6.885 839.9933 18.1214
6.895 839.9761 18.1197
6.905 839.9933 18.1226
6.915 839.9769 18.1227
6.925 839.9769 18.1217
6.935 839.9761 18.1223
6.945 839.9652 18.1215
6.955 839.9652 18.1211
6.965 839.9652 18.1223
6.975 839.9753 18.1231
6.985 839.9753 18.1233
6.995 839.9756 18.1237
7.005 839.9756 18.1214
7.015 839.9768 18.1200
7.025 839.9768 18.1196
7.035 839.9785 18.1200
7.045 839.9955 18.1209
7.055 839.9955 18.1209
7.065 839.9955 18.1225
7.075 839.9919 18.1227
7.085 839.9919 18.1223
7.095 839.9908 18.1222
7.105 839.9919 18.1213
7.115 840.0064 18.1218
7.125 840.0064 18.1226
7.135 839.9908 18.1217
7.145 840.0019 18.1218
7.155 840.0019 18.1221
7.165 840.0019 18.1215
7.175 840.0019 18.1219
7.185 840.0105 18.1209
7.195 840.0105 18.1213
7.205 839.9895 18.1222
7.215 839.9895 18.1227
7.225 840.0051 18.1235
7.235 840.0051 18.1238
7.245 840.0062 18.1243
7.255 840.0201 18.1238
7.265 840.0201 18.1238
7.275 840.0242 18.1245
7.285 840.0321 18.1239
7.295 840.0321 18.1226
7.305 840.0256 18.1226
7.315 840.0242 18.1217
7.325 840.0209 18.1214
7.335 840.0209 18.1226
7.345 840.0209 18.1237
7.355 840.0258 18.1249
7.365 840.0397 18.1251
7.375 840.0425 18.1249
7.385 840.0425 18.1241
7.395 840.0430 18.1235
7.405 840.0446 18.1238
7.415 840.0430 18.1243
7.425 840.0430 18.1238
7.435 840.0430 18.1227
7.445 840.0507 18.1225
7.455 840.0396 18.1219
7.465 840.0507 18.1218
7.475 840.0593 18.1231
7.485 840.0965 18.1254
7.495 840.1001 18.1259
7.505 840.1001 18.1255
7.515 840.1001 18.1253
7.525 840.1001 18.1250
7.535 840.1001 18.1245
7.545 840.1017 18.1250
7.555 840.1121 18.1254
7.565 840.1138 18.1262
7.575 840.1232 18.1259
7.585 840.1368 18.1250
7.595 840.1777 18.1249
7.605 840.1777 18.1237
7.615 840.1777 18.1241
7.625 840.1777 18.1241
7.635 840.1853 18.1245
7.645 840.1853 18.1259
7.655 840.1984 18.1247
7.665 840.1984 18.1226
7.675 840.1993 18.1241
7.685 840.1993 18.1261
7.695 840.1994 18.1263
7.705 840.1993 18.1262
7.715 840.1993 18.1257
7.725 840.2009 18.1261
7.735 840.2009 18.1266
7.745 840.2009 18.1255
7.755 840.2063 18.1262
7.765 840.2063 18.1273
7.775 840.2090 18.1269
7.785 840.2063 18.1269
7.795 840.1921 18.1274
7.805 840.1812 18.1278
7.815 840.1690 18.1273
7.825 840.1690 18.1265
7.835 840.1812 18.1269
7.845 840.1934 18.1267
7.855 840.1934 18.1273
7.865 840.1959 18.1281
7.875 840.2046 18.1267
7.885 840.2046 18.1263
7.895 840.2338 18.1277
7.905 840.2522 18.1269
7.915 840.2722 18.1253
7.925 840.2755 18.1261
7.935 840.2755 18.1259
7.945 840.2755 18.1261
7.955 840.2903 18.1271
7.965 840.3023 18.1262
7.975 840.3149 18.1273
7.985 840.3330 18.1289
7.995 840.3330 18.1289
8.005 840.3330 18.1287
8.015 840.3350 18.1278
8.025 840.3485 18.1274
8.035 840.3514 18.1275
8.045 840.3722 18.1279
8.055 840.3803 18.1282
8.065 840.4154 18.1286
8.075 840.4179 18.1294
8.085 840.4263 18.1290
8.095 840.4658 18.1275
8.105 840.4658 18.1283
8.115 840.4724 18.1295
8.125 840.4868 18.1299
8.135 840.4901 18.1299
8.145 840.4868 18.1303
8.155 840.4993 18.1299
8.165 840.4993 18.1290
8.175 840.5121 18.1297
8.185 840.5208 18.1307
8.195 840.5210 18.1306
8.205 840.5494 18.1299
8.215 840.5597 18.1293
8.225 840.5688 18.1289
8.235 840.5691 18.1290
8.245 840.5731 18.1301
8.255 840.5734 18.1310
8.265 840.5800 18.1287
8.275 840.6017 18.1286
8.285 840.6070 18.1294
8.295 840.6017 18.1298
8.305 840.6254 18.1303
8.315 840.6286 18.1311
8.325 840.6286 18.1318
8.335 840.6301 18.1297
8.345 840.6316 18.1294
8.355 840.6324 18.1309
8.365 840.6602 18.1302
8.375 840.6602 18.1287
8.385 840.6669 18.1302
8.395 840.6669 18.1306
8.405 840.6669 18.1294
8.415 840.6786 18.1290
8.425 840.6797 18.1291
8.435 840.6953 18.1291
8.445 840.7008 18.1297
8.455 840.7008 18.1302
8.465 840.7008 18.1293
8.475 840.7017 18.1286
8.485 840.7023 18.1299
8.495 840.7164 18.1311
8.505 840.7164 18.1314
8.515 840.7023 18.1317
8.525 840.6856 18.1319
8.535 840.6856 18.1309
8.545 840.6856 18.1291
8.555 840.6991 18.1313
8.565 840.7035 18.1327
8.575 840.7109 18.1322
8.585 840.7263 18.1325
8.595 840.7538 18.1331
8.605 840.7538 18.1318
8.615 840.7538 18.1315
8.625 840.7538 18.1337
8.635 840.7461 18.1333
8.645 840.7371 18.1310
8.655 840.7371 18.1307
8.665 840.7588 18.1302
8.675 840.7679 18.1297
8.685 840.7835 18.1298
8.695 840.7835 18.1301
8.705 840.7835 18.1305
8.715 840.7835 18.1317
8.725 840.7894 18.1323
8.735 840.8001 18.1310
8.745 840.8034 18.1331
8.755 840.8358 18.1350
8.765 840.8392 18.1341
8.775 840.8422 18.1334
8.785 840.8549 18.1322
8.795 840.8764 18.1314
8.805 840.8766 18.1329
8.815 840.8895 18.1327
8.825 840.9407 18.1327
8.835 840.9413 18.1325
8.845 840.9595 18.1325
8.855 840.9691 18.1350
8.865 840.9719 18.1338
8.875 840.9719 18.1337
8.885 840.9781 18.1354
8.895 840.9817 18.1351
8.905 840.9839 18.1343
8.915 840.9839 18.1326
8.925 840.9861 18.1331
8.935 841.0034 18.1337
8.945 841.0223 18.1326
8.955 841.0329 18.1323
8.965 841.0329 18.1327
8.975 841.0396 18.1334
8.985 841.0415 18.1339
8.995 841.0744 18.1333
9.005 841.0750 18.1343
9.015 841.0781 18.1358
9.025 841.0802 18.1342
9.035 841.0838 18.1330
9.045 841.1148 18.1329
9.055 841.1174 18.1354
9.065 841.1218 18.1363
9.075 841.1218 18.1343
9.085 841.1226 18.1339
9.095 841.1226 18.1342
9.105 841.1245 18.1341
9.115 841.1473 18.1347
9.125 841.1594 18.1338
9.135 841.1762 18.1325
9.145 841.3322 18.1333
9.155 841.3322 18.1331
9.165 841.3417 18.1335
9.175 841.3361 18.1339
9.185 841.3361 18.1341
9.195 841.3370 18.1346
9.205 841.3370 18.1342
9.215 841.3370 18.1331
9.225 841.3370 18.1333
9.235 841.3216 18.1342
9.245 841.3196 18.1323
9.255 841.3196 18.1315
9.265 841.3079 18.1334
9.275 841.3068 18.1346
9.285 841.3068 18.1339
9.295 841.3200 18.1335
9.305 841.3077 18.1342
9.315 841.3077 18.1349
9.325 841.3200 18.1338
9.335 841.3116 18.1335
9.345 841.3116 18.1345
9.355 841.3116 18.1341
9.365 841.3186 18.1339
9.375 841.3186 18.1333
9.385 841.3330 18.1342
9.395 841.3587 18.1342
9.405 841.3587 18.1331
9.415 841.3587 18.1337
9.425 841.3309 18.1349
9.435 841.3136 18.1353
9.445 841.3136 18.1350
9.455 841.3192 18.1361
9.465 841.3192 18.1357
9.475 841.3259 18.1345
9.485 841.3259 18.1350
9.495 841.3259 18.1353
9.505 841.3259 18.1359
9.515 841.3220 18.1367
9.525 841.3220 18.1350
9.535 841.3220 18.1350
9.545 841.3220 18.1366
9.555 841.3220 18.1369
9.565 841.3215 18.1374
9.575 841.3059 18.1363
9.585 841.3124 18.1354
9.595 841.3118 18.1362
9.605 841.3056 18.1375
9.615 841.3118 18.1373
9.625 841.3124 18.1367
9.635 841.3164 18.1367
9.645 841.3164 18.1355
9.655 841.3240 18.1351
9.665 841.3306 18.1365
9.675 841.3336 18.1389
9.685 841.3336 18.1374
9.695 841.3336 18.1354
9.705 841.3329 18.1362
9.715 841.3329 18.1350
9.725 841.3329 18.1351
9.735 841.3619 18.1365
9.745 841.3619 18.1365
9.755 841.3788 18.1374
9.765 841.3619 18.1374
9.775 841.3524 18.1358
9.785 841.3524 18.1375
9.795 841.3672 18.1390
9.805 841.3672 18.1378
9.815 841.3703 18.1374
9.825 841.3703 18.1381
9.835 841.3703 18.1386
9.845 841.3728 18.1387
9.855 841.3728 18.1378
9.865 841.3728 18.1385
9.875 841.3728 18.1399
9.885 841.3681 18.1394
9.895 841.3578 18.1382
9.905 841.3578 18.1386
9.915 841.3555 18.1385
9.925 841.3578 18.1382
9.935 841.3551 18.1383
9.945 841.3505 18.1393
9.955 841.3544 18.1403
9.965 841.3551 18.1379
9.975 841.3551 18.1385
9.985 841.3544 18.1399
9.995 841.3598 18.1405
10.005 841.3676 18.1413
10.015 841.3686 18.1394
10.025 841.3686 18.1381
10.035 841.3729 18.1387
10.045 841.3729 18.1395
10.055 841.3729 18.1393
10.065 841.3729 18.1387
10.075 841.3729 18.1394
10.085 841.3730 18.1417
10.095 841.3797 18.1417
10.105 841.3797 18.1395
10.115 841.3730 18.1399
10.125 841.3609 18.1393
10.135 841.3511 18.1375
10.145 841.3481 18.1391
10.155 841.3469 18.1394
10.165 841.3481 18.1382
10.175 841.3469 18.1389
10.185 841.3469 18.1394
10.195 841.3469 18.1393
10.205 841.3498 18.1389
10.215 841.3607 18.1406
10.225 841.3607 18.1407
10.235 841.3607 18.1406
10.245 841.3607 18.1413
10.255 841.3588 18.1417
10.265 841.3588 18.1419
10.275 841.3752 18.1398
10.285 841.3752 18.1394
10.295 841.3656 18.1399
10.305 841.3782 18.1398
10.315 841.3693 18.1417
10.325 841.3656 18.1410
10.335 841.3693 18.1399
10.345 841.3693 18.1414
10.355 841.3693 18.1419
10.365 841.3702 18.1429
10.375 841.3740 18.1423
10.385 841.3740 18.1413
10.395 841.3740 18.1398
10.405 841.3699 18.1397
10.415 841.3635 18.1418
10.425 841.3595 18.1411
10.435 841.3602 18.1401
10.445 841.3602 18.1413
10.455 841.3602 18.1419
10.465 841.3602 18.1419
10.475 841.3727 18.1415
10.485 841.3769 18.1403
10.495 841.3727 18.1406
10.505 841.3613 18.1419
10.515 841.3801 18.1425
10.525 841.3613 18.1438
10.535 841.3613 18.1442
10.545 841.3639 18.1429
10.555 841.3736 18.1427
10.565 841.3736 18.1429
10.575 841.3736 18.1435
10.585 841.3696 18.1425
10.595 841.3696 18.1414
10.605 841.3696 18.1417
10.615 841.3590 18.1429
10.625 841.3555 18.1431
10.635 841.3555 18.1410
10.645 841.3584 18.1415
10.655 841.3584 18.1442
10.665 841.3608 18.1437
10.675 841.3608 18.1422
10.685 841.3608 18.1429
10.695 841.3568 18.1433
10.705 841.3568 18.1425
10.715 841.3568 18.1411
10.725 841.3568 18.1419
10.735 841.3568 18.1429
10.745 841.3639 18.1423
10.755 841.3639 18.1433
10.765 841.3527 18.1437
10.775 841.3649 18.1418
10.785 841.3649 18.1415
10.795 841.3649 18.1422
10.805 841.3703 18.1438
10.815 841.3703 18.1447
10.825 841.3672 18.1427
10.835 841.3672 18.1421
10.845 841.3638 18.1427
10.855 841.3638 18.1433
10.865 841.3638 18.1421
10.875 841.3638 18.1410
10.885 841.3641 18.1430
10.895 841.3656 18.1449
10.905 841.3641 18.1449
10.915 841.3656 18.1437
10.925 841.3714 18.1427
10.935 841.3656 18.1430
10.945 841.3703 18.1425
10.955 841.3714 18.1417
10.965 841.3714 18.1427
10.975 841.3703 18.1447
10.985 841.3703 18.1441
10.995 841.3689 18.1437
11.005 841.3689 18.1429
11.015 841.3689 18.1443
11.025 841.3776 18.1469
11.035 841.3776 18.1446
11.045 841.3776 18.1450
11.055 841.3712 18.1457
11.065 841.3712 18.1453
11.075 841.3695 18.1439
11.085 841.3695 18.1439
11.095 841.3695 18.1439
11.105 841.3650 18.1425
11.115 841.3628 18.1439
11.125 841.3579 18.1442
11.135 841.3579 18.1441
11.145 841.3579 18.1455
11.155 841.3579 18.1454
11.165 841.3620 18.1458
11.175 841.3622 18.1443
11.185 841.3661 18.1431
11.195 841.3622 18.1437
11.205 841.3661 18.1446
11.215 841.3662 18.1454
11.225 841.3707 18.1453
11.235 841.3707 18.1455
11.245 841.3743 18.1462
11.255 841.3743 18.1462
11.265 841.3777 18.1461
11.275 841.3777 18.1478
11.285 841.3749 18.1467
11.295 841.3715 18.1473
11.305 841.3715 18.1473
11.315 841.3599 18.1457
11.325 841.3599 18.1463
11.335 841.3715 18.1455
11.345 841.3570 18.1455
11.355 841.3701 18.1459
11.365 841.3701 18.1443
11.375 841.3636 18.1442
11.385 841.3570 18.1450
11.395 841.3600 18.1482
11.405 841.3551 18.1491
11.415 841.3522 18.1481
11.425 841.3522 18.1474
11.435 841.3582 18.1462
11.445 841.3582 18.1457
11.455 841.3582 18.1465
11.465 841.3668 18.1466
11.475 841.3583 18.1454
11.485 841.3668 18.1475
11.495 841.3672 18.1481
11.505 841.3672 18.1478
11.515 841.3583 18.1486
11.525 841.3674 18.1473
11.535 841.3674 18.1465
11.545 841.3549 18.1469
11.555 841.3549 18.1477
11.565 841.3674 18.1474
11.575 841.3710 18.1478
11.585 841.3630 18.1485
11.595 841.3710 18.1470
11.605 841.3710 18.1471
11.615 841.3630 18.1469
11.625 841.3579 18.1478
11.635 841.3566 18.1479
11.645 841.3510 18.1463
11.655 841.3463 18.1481
11.665 841.3566 18.1482
11.675 841.3566 18.1471
11.685 841.3574 18.1478
11.695 841.3574 18.1477
11.705 841.3574 18.1458
11.715 841.3527 18.1458
11.725 841.3505 18.1478
11.735 841.3505 18.1483
11.745 841.3527 18.1499
11.755 841.3565 18.1503
11.765 841.3565 18.1473
11.775 841.3565 18.1459
11.785 841.3563 18.1479
11.795 841.3563 18.1483
11.805 841.3563 18.1474
11.815 841.3535 18.1477
11.825 841.3851 18.1493
11.835 841.3851 18.1497
11.845 841.3682 18.1505
11.855 841.3682 18.1511
11.865 841.3692 18.1494
11.875 841.3692 18.1501
11.885 841.3692 18.1501
11.895 841.3692 18.1478
11.905 841.3519 18.1482
11.915 841.3519 18.1489
11.925 841.3516 18.1490
11.935 841.3516 18.1482
11.945 841.3513 18.1471
11.955 841.3653 18.1483
11.965 841.3513 18.1502
11.975 841.3689 18.1499
11.985 841.3725 18.1495
11.995 841.3725 18.1487
12.005 841.3653 18.1485
12.015 841.3653 18.1498
12.025 841.3558 18.1493
12.035 841.3558 18.1502
12.045 841.3532 18.1519
12.055 841.3532 18.1513
12.065 841.3585 18.1498
12.075 841.3585 18.1505
12.085 841.3556 18.1509
12.095 841.3556 18.1498
12.105 841.3556 18.1491
12.115 841.3556 18.1482
12.125 841.3556 18.1475
12.135 841.3502 18.1479
12.145 841.3664 18.1497
12.155 841.3664 18.1503
12.165 841.3498 18.1493
12.175 841.3709 18.1493
12.185 841.3709 18.1490
12.195 841.3681 18.1482
12.205 841.3645 18.1487
12.215 841.3681 18.1502
12.225 841.3645 18.1510
12.235 841.3645 18.1521
12.245 841.3562 18.1521
12.255 841.3683 18.1489
12.265 841.3683 18.1486
12.275 841.3683 18.1513
12.285 841.3701 18.1505
12.295 841.3701 18.1507
12.305 841.3600 18.1505
12.315 841.3556 18.1486
12.325 841.3600 18.1489
12.335 841.3548 18.1502
12.345 841.3600 18.1511
12.355 841.3623 18.1503
12.365 841.3623 18.1503
12.375 841.3582 18.1507
12.385 841.3623 18.1511
12.395 841.3623 18.1511
12.405 841.3621 18.1518
12.415 841.3621 18.1521
12.425 841.3738 18.1522
12.435 841.3621 18.1531
12.445 841.3579 18.1522
12.455 841.3579 18.1509
12.465 841.3596 18.1518
12.475 841.3596 18.1526
12.485 841.3638 18.1526
12.495 841.3638 18.1530
12.505 841.3655 18.1530
12.515 841.3655 18.1526
12.525 841.3655 18.1515
12.535 841.3546 18.1513
12.545 841.3543 18.1517
12.555 841.3543 18.1510
12.565 841.3543 18.1509
12.575 841.3530 18.1527
12.585 841.3750 18.1533
12.595 841.3750 18.1526
12.605 841.3569 18.1498
12.615 841.3569 18.1499
12.625 841.3754 18.1529
12.635 841.3569 18.1534
12.645 841.3792 18.1531
12.655 841.3792 18.1519
12.665 841.3760 18.1521
12.675 841.3727 18.1525
12.685 841.3760 18.1517
12.695 841.3727 18.1527
12.705 841.3752 18.1521
12.715 841.3752 18.1503
12.725 841.3775 18.1521
12.735 841.3752 18.1534
12.745 841.3775 18.1531
12.755 841.3864 18.1530
12.765 841.3775 18.1537
12.775 841.3741 18.1542
12.785 841.3741 18.1527
12.795 841.3577 18.1531
12.805 841.3577 18.1543
12.815 841.3618 18.1525
12.825 841.3618 18.1513
12.835 841.3680 18.1518
12.845 841.3680 18.1526
12.855 841.3680 18.1526
12.865 841.3655 18.1530
12.875 841.3655 18.1550
12.885 841.3655 18.1542
12.895 841.3614 18.1515
12.905 841.3614 18.1521
12.915 841.3546 18.1527
12.925 841.3457 18.1526
12.935 841.3457 18.1525
12.945 841.3546 18.1523
12.955 841.3461 18.1537
12.965 841.3466 18.1546
12.975 841.3466 18.1541
12.985 841.3466 18.1527
12.995 841.3461 18.1522
13.005 841.3466 18.1538
13.015 841.3505 18.1547
13.025 841.3658 18.1539
13.035 841.3789 18.1546
13.045 841.3789 18.1546
13.055 841.3789 18.1535
13.065 841.3600 18.1543
13.075 841.3600 18.1541
13.085 841.3600 18.1550
13.095 841.3655 18.1569
13.105 841.3655 18.1551
13.115 841.3655 18.1530
13.125 841.3655 18.1538
13.135 841.3572 18.1555
13.145 841.3572 18.1561
13.155 841.3821 18.1563
13.165 841.3821 18.1561
13.175 841.3838 18.1561
13.185 841.3838 18.1546
13.195 841.3752 18.1549
13.205 841.3752 18.1567
13.215 841.3752 18.1553
13.225 841.3752 18.1551
13.235 841.3716 18.1574
13.245 841.3765 18.1566
13.255 841.3716 18.1557
13.265 841.3754 18.1561
13.275 841.3645 18.1554
13.285 841.3754 18.1561
13.295 841.3632 18.1566
13.305 841.3754 18.1558
13.315 841.3632 18.1557
13.325 841.3765 18.1570
13.335 841.3765 18.1565
13.345 841.3765 18.1550
13.355 841.3735 18.1551
13.365 841.3765 18.1559
13.375 841.3735 18.1573
13.385 841.3699 18.1573
13.395 841.3699 18.1567
13.405 841.3760 18.1574
13.415 841.3699 18.1571
13.425 841.3760 18.1565
13.435 841.3760 18.1566
13.445 841.3732 18.1549
13.455 841.3532 18.1543
13.465 841.3534 18.1558
13.475 841.3526 18.1563
13.485 841.3534 18.1559
13.495 841.3534 18.1547
13.505 841.3623 18.1570
13.515 841.3640 18.1577
13.525 841.3640 18.1562
13.535 841.3641 18.1578
13.545 841.3641 18.1574
13.555 841.3750 18.1566
13.565 841.3750 18.1582
13.575 841.3750 18.1567
13.585 841.3740 18.1562
13.595 841.3740 18.1574
13.605 841.3740 18.1575
13.615 841.3761 18.1579
13.625 841.3848 18.1595
13.635 841.3848 18.1596
13.645 841.3848 18.1577
13.655 841.3794 18.1571
13.665 841.3794 18.1567
13.675 841.3794 18.1570
13.685 841.3718 18.1591
13.695 841.3870 18.1602
13.705 841.3870 18.1577
13.715 841.3913 18.1565
13.725 841.3644 18.1579
13.735 841.3913 18.1592
13.745 841.3644 18.1569
13.755 841.3624 18.1554
13.765 841.3624 18.1570
13.775 841.3721 18.1573
13.785 841.3624 18.1577
13.795 841.3647 18.1591
13.805 841.3663 18.1590
13.815 841.3663 18.1581
13.825 841.3647 18.1581
13.835 841.3663 18.1562
13.845 841.3745 18.1565
13.855 841.3772 18.1592
13.865 841.3745 18.1595
13.875 841.3745 18.1592
13.885 841.3719 18.1591
13.895 841.3683 18.1587
13.905 841.3683 18.1596
13.915 841.3683 18.1590
13.925 841.3683 18.1603
13.935 841.3842 18.1586
13.945 841.3842 18.1570
13.955 841.3640 18.1594
13.965 841.3544 18.1587
13.975 841.3544 18.1577
13.985 841.3544 18.1578
13.995 841.3550 18.1590
14.005 841.3616 18.1592
14.015 841.3616 18.1594
14.025 841.3616 18.1590
14.035 841.3616 18.1584
14.045 841.3616 18.1608
14.055 841.3655 18.1612
14.065 841.3655 18.1582
14.075 841.3655 18.1577
14.085 841.3621 18.1578
14.095 841.3460 18.1577
14.105 841.3460 18.1569
14.115 841.3533 18.1571
14.125 841.3533 18.1590
14.135 841.3533 18.1590
14.145 841.3633 18.1584
14.155 841.3633 18.1587
14.165 841.3711 18.1583
14.175 841.3728 18.1575
14.185 841.3736 18.1587
14.195 841.3728 18.1578
14.205 841.3728 18.1587
14.215 841.3731 18.1596
14.225 841.3681 18.1582
14.235 841.3583 18.1596
14.245 841.3583 18.1584
14.255 841.3569 18.1591
14.265 841.3505 18.1615
14.275 841.3569 18.1586
14.285 841.3871 18.1567
14.295 841.3693 18.1590
14.305 841.3851 18.1614
14.315 841.3851 18.1610
14.325 841.3723 18.1606
14.335 841.3723 18.1608
14.345 841.3851 18.1604
14.355 841.3751 18.1610
14.365 841.3751 18.1611
14.375 841.3770 18.1606
14.385 841.3751 18.1611
14.395 841.3746 18.1599
14.405 841.3646 18.1586
14.415 841.3646 18.1600
14.425 841.3646 18.1619
14.435 841.3646 18.1622
14.445 841.3651 18.1615
14.455 841.3838 18.1612
14.465 841.3838 18.1592
14.475 841.3684 18.1592
14.485 841.3684 18.1604
14.495 841.3633 18.1606
14.505 841.3633 18.1603
14.515 841.3647 18.1590
14.525 841.3641 18.1588
14.535 841.3641 18.1588
14.545 841.3641 18.1586
14.555 841.3641 18.1586
14.565 841.3641 18.1596
14.575 841.3530 18.1606
14.585 841.3686 18.1599
14.595 841.3686 18.1590
14.605 841.3686 18.1607
14.615 841.3596 18.1622
14.625 841.3720 18.1607
14.635 841.3720 18.1619
14.645 841.3720 18.1628
14.655 841.3687 18.1618
14.665 841.3687 18.1615
14.675 841.3687 18.1607
14.685 841.3687 18.1592
14.695 841.3687 18.1607
14.705 841.3642 18.1618
14.715 841.3642 18.1610
14.725 841.3642 18.1620
14.735 841.3642 18.1630
14.745 841.3708 18.1638
14.755 841.3768 18.1640
14.765 841.3768 18.1622
14.775 841.3757 18.1612
14.785 841.3757 18.1616
14.795 841.3757 18.1616
14.805 841.3743 18.1618
14.815 841.3682 18.1630
14.825 841.3727 18.1630
14.835 841.3682 18.1612
14.845 841.3585 18.1626
14.855 841.3682 18.1634
14.865 841.3613 18.1612
14.875 841.3613 18.1619
14.885 841.3847 18.1627
14.895 841.3860 18.1626
14.905 841.3847 18.1627
14.915 841.3860 18.1622
14.925 841.3847 18.1623
14.935 841.3682 18.1630
14.945 841.3675 18.1620
14.955 841.3676 18.1602
14.965 841.3676 18.1606
14.975 841.3676 18.1610
14.985 841.3788 18.1619
14.995 841.3788 18.1623
15.005 841.3788 18.1627
15.015 841.3775 18.1640
15.025 841.3666 18.1627
15.035 841.3658 18.1619
15.045 841.3562 18.1628
15.055 841.3565 18.1632
15.065 841.3658 18.1624
15.075 841.3565 18.1620
15.085 841.3522 18.1628
15.095 841.3522 18.1628
15.105 841.3522 18.1639
15.115 841.3522 18.1631
15.125 841.3583 18.1634
15.135 841.3605 18.1644
15.145 841.3865 18.1631
15.155 841.3605 18.1631
15.165 841.3605 18.1612
15.175 841.3605 18.1608
15.185 841.3590 18.1616
15.195 841.3590 18.1620
15.205 841.3615 18.1635
15.215 841.3675 18.1628
15.225 841.3783 18.1648
15.235 841.3783 18.1674
15.245 841.3777 18.1654
15.255 841.3777 18.1643
15.265 841.3684 18.1634
15.275 841.3684 18.1614
15.285 841.3710 18.1619
15.295 841.3710 18.1624
15.305 841.3710 18.1626
15.315 841.3724 18.1623
15.325 841.3710 18.1622
15.335 841.3601 18.1638
15.345 841.3601 18.1650
15.355 841.3597 18.1642
15.365 841.3597 18.1635
15.375 841.3678 18.1643
15.385 841.3678 18.1639
15.395 841.3597 18.1650
15.405 841.3586 18.1646
15.415 841.3586 18.1634
15.425 841.3586 18.1639
15.435 841.3689 18.1643
15.445 841.3697 18.1639
15.455 841.3711 18.1642
15.465 841.3731 18.1662
15.475 841.3731 18.1651
15.485 841.3731 18.1646
15.495 841.3629 18.1656
15.505 841.3629 18.1659
15.515 841.3629 18.1674
15.525 841.3629 18.1664
15.535 841.3637 18.1662
15.545 841.3728 18.1667
15.555 841.3661 18.1650
15.565 841.3728 18.1650
15.575 841.3728 18.1642
15.585 841.3661 18.1636
15.595 841.3656 18.1636
15.605 841.3650 18.1647
15.615 841.3650 18.1658
15.625 841.3656 18.1652
15.635 841.3701 18.1667
15.645 841.3701 18.1670
15.655 841.3701 18.1668
15.665 841.3701 18.1656
15.675 841.3701 18.1650
15.685 841.3723 18.1652
15.695 841.3723 18.1663
15.705 841.3724 18.1680
15.715 841.3724 18.1668
15.725 841.3724 18.1671
15.735 841.3668 18.1672
15.745 841.3724 18.1668
15.755 841.3651 18.1655
15.765 841.3651 18.1638
15.775 841.3603 18.1659
15.785 841.3656 18.1663
15.795 841.3609 18.1654
15.805 841.3609 18.1664
15.815 841.3609 18.1664
15.825 841.3657 18.1664
15.835 841.3657 18.1679
15.845 841.3752 18.1684
15.855 841.3779 18.1680
15.865 841.3785 18.1670
15.875 841.3785 18.1666
15.885 841.3779 18.1668
15.895 841.3753 18.1664
15.905 841.3753 18.1654
15.915 841.3676 18.1648
15.925 841.3732 18.1670
15.935 841.3643 18.1670
15.945 841.3643 18.1675
15.955 841.3643 18.1680
15.965 841.3643 18.1670
15.975 841.3643 18.1676
15.985 841.3685 18.1659
15.995 841.3701 18.1668
16.005 841.3768 18.1680
16.015 841.3768 18.1668
16.025 841.3768 18.1656
16.035 841.3768 18.1656
16.045 841.3649 18.1675
16.055 841.3649 18.1676
16.065 841.3675 18.1668
16.075 841.3675 18.1675
16.085 841.3675 18.1695
16.095 841.3684 18.1684
16.105 841.3684 18.1662
16.115 841.3684 18.1660
16.125 841.3713 18.1674
16.135 841.3684 18.1687
16.145 841.3633 18.1680
16.155 841.3624 18.1676
16.165 841.3633 18.1691
16.175 841.3579 18.1687
16.185 841.3633 18.1683
16.195 841.3816 18.1682
16.205 841.3816 18.1675
16.215 841.3651 18.1676
16.225 841.3651 18.1676
16.235 841.3635 18.1668
16.245 841.3635 18.1671
16.255 841.3651 18.1670
16.265 841.3639 18.1675
16.275 841.3639 18.1682
16.285 841.3680 18.1694
16.295 841.3680 18.1706
16.305 841.3639 18.1696
16.315 841.3599 18.1688
16.325 841.3599 18.1683
16.335 841.3599 18.1683
16.345 841.3566 18.1691
16.355 841.3581 18.1707
16.365 841.3581 18.1710
16.375 841.3624 18.1706
16.385 841.3613 18.1694
16.395 841.3624 18.1687
16.405 841.3731 18.1690
16.415 841.3720 18.1698
16.425 841.3720 18.1714
16.435 841.3720 18.1708
16.445 841.3719 18.1686
16.455 841.3677 18.1684
16.465 841.3521 18.1688
16.475 841.3677 18.1682
16.485 841.3597 18.1687
16.495 841.3597 18.1695
16.505 841.3817 18.1690
16.515 841.3817 18.1699
16.525 841.3650 18.1703
16.535 841.3817 18.1691
16.545 841.3826 18.1698
16.555 841.3805 18.1695
16.565 841.3805 18.1695
16.575 841.3843 18.1686
16.585 841.3843 18.1692
16.595 841.3805 18.1719
16.605 841.3745 18.1719
16.615 841.3745 18.1719
16.625 841.3743 18.1712
16.635 841.3638 18.1686
16.645 841.3638 18.1683
16.655 841.3638 18.1699
16.665 841.3650 18.1690
16.675 841.3780 18.1692
16.685 841.3865 18.1707
16.695 841.3865 18.1706
16.705 841.3762 18.1714
16.715 841.3762 18.1704
16.725 841.3742 18.1698
16.735 841.3577 18.1711
16.745 841.3564 18.1698
16.755 841.3577 18.1688
16.765 841.3577 18.1716
16.775 841.3694 18.1726
16.785 841.3694 18.1696
16.795 841.3694 18.1694
16.805 841.3694 18.1690
16.815 841.3722 18.1695
16.825 841.3681 18.1706
16.835 841.3704 18.1699
16.845 841.3834 18.1706
16.855 841.3815 18.1716
16.865 841.3815 18.1708
16.875 841.3815 18.1706
16.885 841.3815 18.1704
16.895 841.3700 18.1707
16.905 841.3700 18.1730
16.915 841.3700 18.1728
16.925 841.3649 18.1727
16.935 841.3709 18.1727
16.945 841.3709 18.1708
16.955 841.3656 18.1703
16.965 841.3573 18.1710
16.975 841.3656 18.1710
16.985 841.3656 18.1706
16.995 841.3656 18.1710
17.005 841.3840 18.1707
17.015 841.3840 18.1690
17.025 841.3861 18.1696
17.035 841.3801 18.1715
17.045 841.3801 18.1710
17.055 841.3781 18.1698
17.065 841.3781 18.1703
17.075 841.3729 18.1714
17.085 841.3609 18.1726
17.095 841.3623 18.1720
17.105 841.3654 18.1711
17.115 841.3623 18.1718
17.125 841.3623 18.1716
17.135 841.3623 18.1695
17.145 841.3581 18.1700
17.155 841.3517 18.1715
17.165 841.3581 18.1714
17.175 841.3581 18.1715
17.185 841.3584 18.1716
17.195 841.3587 18.1715
17.205 841.3587 18.1724
17.215 841.3584 18.1722
17.225 841.3615 18.1704
17.235 841.3551 18.1715
17.245 841.3551 18.1719
17.255 841.3773 18.1730
17.265 841.3773 18.1727
17.275 841.3773 18.1718
17.285 841.3773 18.1728
17.295 841.3629 18.1724
17.305 841.3629 18.1708
17.315 841.3620 18.1711
17.325 841.3620 18.1730
17.335 841.3699 18.1727
17.345 841.3699 18.1722
17.355 841.3593 18.1726
17.365 841.3615 18.1726
17.375 841.3615 18.1734
17.385 841.3615 18.1730
17.395 841.3791 18.1726
17.405 841.3791 18.1734
17.415 841.3791 18.1740
17.425 841.3808 18.1743
17.435 841.3673 18.1724
17.445 841.3577 18.1707
17.455 841.3559 18.1718
17.465 841.3673 18.1719
17.475 841.3673 18.1720
17.485 841.3704 18.1735
17.495 841.3704 18.1724
17.505 841.3704 18.1734
17.515 841.3704 18.1742
17.525 841.3621 18.1719
17.535 841.3621 18.1728
17.545 841.3642 18.1732
17.555 841.3713 18.1715
17.565 841.3791 18.1711
17.575 841.3791 18.1734
17.585 841.3791 18.1746
17.595 841.3791 18.1731
17.605 841.3680 18.1743
17.615 841.3635 18.1744
17.625 841.3604 18.1736
17.635 841.3604 18.1724
17.645 841.3601 18.1731
17.655 841.3604 18.1759
17.665 841.3672 18.1760
17.675 841.3680 18.1756
17.685 841.3672 18.1744
17.695 841.3680 18.1735
17.705 841.3724 18.1731
17.715 841.3724 18.1734
17.725 841.3685 18.1730
17.735 841.3724 18.1731
17.745 841.3685 18.1723
17.755 841.3685 18.1722
17.765 841.3716 18.1751
17.775 841.3734 18.1746
17.785 841.3716 18.1754
17.795 841.3734 18.1764
17.805 841.3744 18.1755
17.815 841.3744 18.1755
17.825 841.3744 18.1743
17.835 841.3744 18.1736
17.845 841.3744 18.1744
17.855 841.3696 18.1758
17.865 841.3678 18.1763
17.875 841.3608 18.1759
17.885 841.3678 18.1752
17.895 841.3678 18.1750
17.905 841.3714 18.1752
17.915 841.3775 18.1742
17.925 841.3775 18.1736
17.935 841.3775 18.1747
17.945 841.3583 18.1746
17.955 841.3583 18.1738
17.965 841.3482 18.1746
17.975 841.3583 18.1746
17.985 841.3583 18.1751
17.995 841.3630 18.1751
18.005 841.3648 18.1744
18.015 841.3648 18.1768
18.025 841.3648 18.1755
18.035 841.3648 18.1743
18.045 841.3709 18.1775
18.055 841.3709 18.1779
18.065 841.3814 18.1758
18.075 841.3709 18.1744
18.085 841.3709 18.1739
18.095 841.3699 18.1738
18.105 841.3673 18.1747
18.115 841.3668 18.1764
18.125 841.3668 18.1775
18.135 841.3673 18.1770
18.145 841.3668 18.1770
18.155 841.3668 18.1756
18.165 841.3690 18.1758
18.175 841.3690 18.1775
18.185 841.3690 18.1772
18.195 841.3720 18.1766
18.205 841.3720 18.1755
18.215 841.3728 18.1754
18.225 841.3728 18.1748
18.235 841.3728 18.1759
18.245 841.3634 18.1762
18.255 841.3659 18.1750
18.265 841.3634 18.1770
18.275 841.3620 18.1774
18.285 841.3634 18.1764
18.295 841.3659 18.1771
18.305 841.3678 18.1768
18.315 841.3678 18.1759
18.325 841.3678 18.1752
18.335 841.3672 18.1748
18.345 841.3611 18.1739
18.355 841.3570 18.1751
18.365 841.3570 18.1774
18.375 841.3611 18.1763
18.385 841.3631 18.1760
18.395 841.3631 18.1774
18.405 841.3656 18.1782
18.415 841.3656 18.1766
18.425 841.3656 18.1756
18.435 841.3656 18.1771
18.445 841.3656 18.1775
18.455 841.3779 18.1767
18.465 841.3779 18.1767
18.475 841.3724 18.1775
18.485 841.3599 18.1784
18.495 841.3628 18.1788
18.505 841.3599 18.1771
18.515 841.3559 18.1767
18.525 841.3559 18.1774
18.535 841.3612 18.1771
18.545 841.3612 18.1767
18.555 841.3718 18.1763
18.565 841.3729 18.1770
18.575 841.3729 18.1774
18.585 841.3729 18.1783
18.595 841.3826 18.1790
18.605 841.3729 18.1786
18.615 841.3657 18.1783
18.625 841.3852 18.1780
18.635 841.3657 18.1788
18.645 841.3628 18.1770
18.655 841.3657 18.1759
18.665 841.3628 18.1772
18.675 841.3628 18.1766
18.685 841.3567 18.1762
18.695 841.3567 18.1758
18.705 841.3567 18.1779
18.715 841.3596 18.1787
18.725 841.3596 18.1783
18.735 841.3649 18.1784
18.745 841.3657 18.1780
18.755 841.3657 18.1776
18.765 841.3765 18.1776
18.775 841.3765 18.1776
18.785 841.3747 18.1759
18.795 841.3747 18.1775
18.805 841.3747 18.1799
18.815 841.3744 18.1798
18.825 841.3744 18.1790
18.835 841.3677 18.1790
18.845 841.3613 18.1776
18.855 841.3571 18.1775
18.865 841.3571 18.1791
18.875 841.3579 18.1787
18.885 841.3613 18.1788
18.895 841.3579 18.1783
18.905 841.3587 18.1768
18.915 841.3579 18.1770
18.925 841.3562 18.1771
18.935 841.3562 18.1775
18.945 841.3587 18.1783
18.955 841.3590 18.1780
18.965 841.3590 18.1772
18.975 841.3615 18.1768
18.985 841.3695 18.1772
18.995 841.3615 18.1806
19.005 841.3604 18.1814
19.015 841.3695 18.1780
19.025 841.3604 18.1771
19.035 841.3557 18.1780
19.045 841.3548 18.1783
19.055 841.3548 18.1776
19.065 841.3499 18.1776
19.075 841.3548 18.1792
19.085 841.3563 18.1800
19.095 841.3618 18.1802
19.105 841.3618 18.1799
19.115 841.3802 18.1778
19.125 841.3802 18.1767
19.135 841.3802 18.1786
19.145 841.3803 18.1803
19.155 841.3802 18.1806
19.165 841.3803 18.1810
19.175 841.3753 18.1806
19.185 841.3753 18.1795
19.195 841.3713 18.1802
19.205 841.3713 18.1791
19.215 841.3713 18.1780
19.225 841.3713 18.1804
19.235 841.3707 18.1810
19.245 841.3722 18.1795
19.255 841.3837 18.1780
19.265 841.3812 18.1794
19.275 841.3886 18.1819
19.285 841.3886 18.1822
19.295 841.3867 18.1820
19.305 841.3812 18.1808
19.315 841.3641 18.1795
19.325 841.3582 18.1788
19.335 841.3535 18.1794
19.345 841.3582 18.1792
19.355 841.3561 18.1803
19.365 841.3582 18.1810
19.375 841.3636 18.1806
19.385 841.3636 18.1810
19.395 841.3634 18.1795
19.405 841.3712 18.1804
19.415 841.3712 18.1816
19.425 841.3634 18.1814
19.435 841.3634 18.1807
19.445 841.3712 18.1800
19.455 841.3633 18.1802
19.465 841.3602 18.1819
19.475 841.3633 18.1847
19.485 841.3633 18.1834
19.495 841.3633 18.1812
19.505 841.3595 18.1814
19.515 841.3595 18.1823
19.525 841.3595 18.1819
19.535 841.3712 18.1806
19.545 841.3549 18.1812
19.555 841.3560 18.1814
19.565 841.3577 18.1800
19.575 841.3560 18.1798
19.585 841.3560 18.1798
19.595 841.3577 18.1800
19.605 841.3611 18.1812
19.615 841.3625 18.1806
19.625 841.3625 18.1802
19.635 841.3611 18.1798
19.645 841.3552 18.1802
19.655 841.3552 18.1812
19.665 841.3492 18.1802
19.675 841.3552 18.1796
19.685 841.3670 18.1804
19.695 841.3708 18.1816
19.705 841.3745 18.1826
19.715 841.3745 18.1826
19.725 841.3745 18.1822
19.735 841.3745 18.1820
19.745 841.3684 18.1824
19.755 841.3642 18.1819
19.765 841.3684 18.1816
19.775 841.3684 18.1839
19.785 841.3749 18.1839
19.795 841.3768 18.1824
19.805 841.3768 18.1831
19.815 841.3768 18.1822
19.825 841.3723 18.1811
19.835 841.3667 18.1820
19.845 841.3667 18.1816
19.855 841.3667 18.1819
19.865 841.3667 18.1822
19.875 841.3587 18.1815
19.885 841.3587 18.1810
19.895 841.3587 18.1826
19.905 841.3587 18.1832
19.915 841.3665 18.1834
19.925 841.3665 18.1828
19.935 841.3665 18.1823
19.945 841.3587 18.1834
19.955 841.3556 18.1819
19.965 841.3548 18.1819
19.975 841.3548 18.1831
19.985 841.3556 18.1819
19.995 841.3548 18.1815
20.005 841.3698 18.1823
20.015 841.3698 18.1820
20.025 841.3698 18.1832
20.035 841.3732 18.1848
20.045 841.3732 18.1839
20.055 841.3652 18.1818
20.065 841.3679 18.1812
20.075 841.3628 18.1814
20.085 841.3570 18.1822
20.095 841.3628 18.1826
20.105 841.3570 18.1832
20.115 841.3570 18.1826
20.125 841.3477 18.1806
20.135 841.3704 18.1826
20.145 841.3484 18.1827
20.155 841.3604 18.1822
20.165 841.3484 18.1832
20.175 841.3604 18.1842
20.185 841.3484 18.1836
20.195 841.3604 18.1827
20.205 841.3633 18.1836
20.215 841.3633 18.1847
20.225 841.3633 18.1832
20.235 841.3692 18.1806
20.245 841.3701 18.1820
20.255 841.3783 18.1838
20.265 841.3783 18.1848
20.275 841.3783 18.1839
20.285 841.3730 18.1839
20.295 841.3699 18.1838
20.305 841.3692 18.1838
20.315 841.3638 18.1842
20.325 841.3496 18.1820
20.335 841.3552 18.1824
20.345 841.3434 18.1832
20.355 841.3434 18.1848
20.365 841.3552 18.1850
20.375 841.3612 18.1840
20.385 841.3631 18.1843
20.395 841.3631 18.1822
20.405 841.3612 18.1815
20.415 841.3612 18.1819
20.425 841.3556 18.1826
20.435 841.3537 18.1854
20.445 841.3532 18.1847
20.455 841.3532 18.1834
20.465 841.3532 18.1838
20.475 841.3671 18.1842
20.485 841.3827 18.1848
20.495 841.3827 18.1838
20.505 841.3827 18.1844
20.515 841.3655 18.1850
20.525 841.3655 18.1827
20.535 841.3655 18.1830
20.545 841.3629 18.1847
20.555 841.3733 18.1835
20.565 841.3733 18.1839
20.575 841.3735 18.1856
20.585 841.3673 18.1866
20.595 841.3735 18.1887
20.605 841.3673 18.1882
20.615 841.3673 18.1863
20.625 841.3633 18.1855
20.635 841.3602 18.1848
20.645 841.3602 18.1848
20.655 841.3602 18.1844
20.665 841.3577 18.1850
20.675 841.3688 18.1854
20.685 841.3688 18.1851
20.695 841.3695 18.1860
20.705 841.3691 18.1868
20.715 841.3695 18.1859
20.725 841.3691 18.1843
20.735 841.3691 18.1855
20.745 841.3691 18.1860
20.755 841.3544 18.1854
20.765 841.3480 18.1850
20.775 841.3480 18.1850
20.785 841.3588 18.1854
20.795 841.3499 18.1850
20.805 841.3499 18.1850
20.815 841.3499 18.1847
20.825 841.3413 18.1852
20.835 841.3413 18.1862
20.845 841.3413 18.1860
20.855 841.3558 18.1870
20.865 841.3558 18.1860
20.875 841.3558 18.1851
20.885 841.3523 18.1867
20.895 841.3493 18.1874
20.905 841.3325 18.1844
20.915 841.3324 18.1832
20.925 841.3324 18.1859
20.935 841.3324 18.1855
20.945 841.3412 18.1838
20.955 841.3412 18.1848
20.965 841.3412 18.1864
20.975 841.3141 18.1875
20.985 841.3141 18.1867
20.995 841.3099 18.1846
21.005 841.3099 18.1859
21.015 841.3239 18.1863
21.025 841.3239 18.1870
21.035 841.3236 18.1882
21.045 841.3239 18.1875
21.055 841.3236 18.1880
21.065 841.3236 18.1872
21.075 841.3236 18.1872
21.085 841.3167 18.1872
21.095 841.3167 18.1840
21.105 841.3091 18.1842
21.115 841.3167 18.1876
21.125 841.3147 18.1875
21.135 841.3152 18.1862
21.145 841.3147 18.1878
21.155 841.3149 18.1872
21.165 841.3147 18.1859
21.175 841.3092 18.1871
21.185 841.2840 18.1891
21.195 841.3092 18.1890
21.205 841.2889 18.1870
21.215 841.2629 18.1868
21.225 841.2889 18.1890
21.235 841.2889 18.1886
21.245 841.2832 18.1872
21.255 841.2832 18.1878
21.265 841.2832 18.1871
21.275 841.2829 18.1864
21.285 841.2791 18.1870
21.295 841.2502 18.1883
21.305 841.2502 18.1896
21.315 841.2626 18.1883
21.325 841.2502 18.1876
21.335 841.2626 18.1887
21.345 841.2626 18.1899
21.355 841.2529 18.1890
21.365 841.2491 18.1878
21.375 841.2529 18.1904
21.385 841.2403 18.1894
21.395 841.2369 18.1866
21.405 841.2363 18.1866
21.415 841.2403 18.1870
21.425 841.2403 18.1882
21.435 841.2351 18.1900
21.445 841.2427 18.1895
21.455 841.2427 18.1880
21.465 841.2351 18.1880
21.475 841.2351 18.1870
21.485 841.2403 18.1867
21.495 841.2403 18.1874
21.505 841.2403 18.1883
21.515 841.2403 18.1902
21.525 841.2325 18.1923
21.535 841.2310 18.1900
21.545 841.2285 18.1868
21.555 841.2285 18.1884
21.565 841.2242 18.1904
21.575 841.2242 18.1887
21.585 841.2237 18.1866
21.595 841.2237 18.1882
21.605 841.2237 18.1884
21.615 841.2252 18.1892
21.625 841.2252 18.1904
21.635 841.2257 18.1891
21.645 841.2252 18.1902
21.655 841.2229 18.1908
21.665 841.2218 18.1904
21.675 841.2168 18.1904
21.685 841.2156 18.1891
21.695 841.2134 18.1896
21.705 841.2134 18.1896
21.715 841.2001 18.1900
21.725 841.1936 18.1894
21.735 841.1936 18.1882
21.745 841.1936 18.1890
21.755 841.1936 18.1891
21.765 841.2056 18.1902
21.775 841.2169 18.1899
21.785 841.2246 18.1904
21.795 841.2246 18.1912
21.805 841.2169 18.1902
21.815 841.2132 18.1911
21.825 841.2132 18.1916
21.835 841.2081 18.1910
21.845 841.2081 18.1910
21.855 841.2081 18.1895
21.865 841.2081 18.1894
21.875 841.2071 18.1914
21.885 841.1906 18.1904
21.895 841.1906 18.1891
21.905 841.1890 18.1896
21.915 841.1906 18.1900
21.925 841.2073 18.1907
21.935 841.2138 18.1899
21.945 841.2073 18.1904
21.955 841.2138 18.1906
21.965 841.2138 18.1907
21.975 841.2137 18.1927
21.985 841.2137 18.1902
21.995 841.2148 18.1890
22.005 841.2148 18.1895
22.015 841.2148 18.1891
22.025 841.2158 18.1899
22.035 841.2158 18.1912
22.045 841.2035 18.1923
22.055 841.2035 18.1915
22.065 841.2024 18.1911
22.075 841.2024 18.1910
22.085 841.2146 18.1910
22.095 841.2146 18.1904
22.105 841.2193 18.1892
22.115 841.2193 18.1900
22.125 841.2132 18.1900
22.135 841.2132 18.1903
22.145 841.2176 18.1916
22.155 841.2176 18.1915
22.165 841.2187 18.1900
22.175 841.2187 18.1898
22.185 841.2176 18.1907
22.195 841.2075 18.1928
22.205 841.2075 18.1939
22.215 841.2075 18.1904
22.225 841.2075 18.1892
22.235 841.2068 18.1914
22.245 841.2043 18.1914
22.255 841.2043 18.1910
22.265 841.2043 18.1908
22.275 841.2112 18.1910
22.285 841.2263 18.1902
22.295 841.2313 18.1902
22.305 841.2313 18.1912
22.315 841.2112 18.1914
22.325 841.2060 18.1916
22.335 841.2027 18.1912
22.345 841.2027 18.1908
22.355 841.2060 18.1911
22.365 841.2060 18.1940
22.375 841.2092 18.1947
22.385 841.2138 18.1927
22.395 841.2092 18.1919
22.405 841.2033 18.1922
22.415 841.2138 18.1915
22.425 841.2138 18.1912
22.435 841.2070 18.1923
22.445 841.2225 18.1912
22.455 841.2225 18.1898
22.465 841.2209 18.1923
22.475 841.2070 18.1931
22.485 841.2018 18.1912
22.495 841.2018 18.1926
22.505 841.1963 18.1927
22.515 841.1963 18.1922
22.525 841.2099 18.1920
22.535 841.2099 18.1911
22.545 841.2054 18.1911
22.555 841.2054 18.1914
22.565 841.2054 18.1907
22.575 841.1907 18.1910
22.585 841.1896 18.1916
22.595 841.1896 18.1930
22.605 841.1969 18.1955
22.615 841.1969 18.1950
22.625 841.1972 18.1936
22.635 841.2045 18.1940
22.645 841.2045 18.1938
22.655 841.2045 18.1923
22.665 841.2050 18.1927
22.675 841.2225 18.1924
22.685 841.2150 18.1919
22.695 841.2316 18.1947
22.705 841.2316 18.1935
22.715 841.2150 18.1926
22.725 841.2129 18.1956
22.735 841.2076 18.1955
22.745 841.2030 18.1926
22.755 841.2010 18.1918
22.765 841.2010 18.1924
22.775 841.2030 18.1942
22.785 841.2010 18.1952
22.795 841.1981 18.1936
22.805 841.2036 18.1926
22.815 841.2036 18.1927
22.825 841.1966 18.1938
22.835 841.2123 18.1927
22.845 841.2123 18.1919
22.855 841.2057 18.1946
22.865 841.2057 18.1953
22.875 841.2096 18.1942
22.885 841.2096 18.1947
22.895 841.2261 18.1956
22.905 841.2261 18.1952
22.915 841.2169 18.1932
22.925 841.2169 18.1920
22.935 841.2169 18.1938
22.945 841.2169 18.1947
22.955 841.2165 18.1953
22.965 841.2207 18.1961
22.975 841.2207 18.1942
22.985 841.2165 18.1940
22.995 841.2165 18.1938
23.005 841.2089 18.1932
23.015 841.2089 18.1947
23.025 841.2310 18.1950
23.035 841.2310 18.1952
23.045 841.2190 18.1944
23.055 841.2190 18.1940
23.065 841.2162 18.1946
23.075 841.2157 18.1940
23.085 841.2157 18.1943
23.095 841.2157 18.1961
23.105 841.2157 18.1947
23.115 841.2157 18.1928
23.125 841.2261 18.1932
23.135 841.2270 18.1930
23.145 841.2277 18.1955
23.155 841.2277 18.1968
23.165 841.2277 18.1952
23.175 841.2251 18.1936
23.185 841.2246 18.1930
23.195 841.2234 18.1951
23.205 841.2234 18.1956
23.215 841.2234 18.1935
23.225 841.2234 18.1930
23.235 841.2226 18.1947
23.245 841.2226 18.1959
23.255 841.2226 18.1955
23.265 841.2226 18.1965
23.275 841.2201 18.1968
23.285 841.2171 18.1955
23.295 841.2171 18.1951
23.305 841.2160 18.1943
23.315 841.2201 18.1951
23.325 841.2243 18.1956
23.335 841.2243 18.1950
23.345 841.2240 18.1955
23.355 841.2240 18.1956
23.365 841.2213 18.1953
23.375 841.2129 18.1948
23.385 841.2129 18.1953
23.395 841.2029 18.1956
23.405 841.2029 18.1955
23.415 841.2076 18.1964
23.425 841.2076 18.1947
23.435 841.2076 18.1932
23.445 841.2094 18.1951
23.455 841.2143 18.1967
23.465 841.2143 18.1960
23.475 841.2152 18.1955
23.485 841.2188 18.1953
23.495 841.2143 18.1964
23.505 841.1996 18.1964
23.515 841.1996 18.1959
23.525 841.1996 18.1972
23.535 841.1949 18.1965
23.545 841.1996 18.1955
23.555 841.2017 18.1947
23.565 841.2193 18.1943
23.575 841.2017 18.1955
23.585 841.2057 18.1959
23.595 841.2193 18.1965
23.605 841.2352 18.1969
23.615 841.2082 18.1964
23.625 841.2144 18.1969
23.635 841.2202 18.1965
23.645 841.2144 18.1971
23.655 841.2082 18.1975
23.665 841.2144 18.1965
23.675 841.2013 18.1964
23.685 841.2013 18.1971
23.695 841.2013 18.1963
23.705 841.2115 18.1961
23.715 841.2010 18.1964
23.725 841.2115 18.1950
23.735 841.2115 18.1957
23.745 841.2115 18.1964
23.755 841.2101 18.1957
23.765 841.2101 18.1959
23.775 841.2101 18.1972
23.785 841.2096 18.1975
23.795 841.2096 18.1964
23.805 841.2253 18.1968
23.815 841.2286 18.1975
23.825 841.2253 18.1967
23.835 841.2253 18.1956
23.845 841.2107 18.1951
23.855 841.2107 18.1953
23.865 841.2107 18.1963
23.875 841.2169 18.1971
23.885 841.2305 18.1976
23.895 841.2311 18.1967
23.905 841.2305 18.1960
23.915 841.2236 18.1971
23.925 841.2256 18.1977
23.935 841.2236 18.1983
23.945 841.2236 18.1984
23.955 841.2236 18.1981
23.965 841.2256 18.1969
23.975 841.2454 18.1975
23.985 841.2454 18.1991
23.995 841.2202 18.1989
24.005 841.2202 18.1987
24.015 841.2188 18.1975
24.025 841.2185 18.1960
24.035 841.2185 18.1955
24.045 841.2185 18.1959
24.055 841.2155 18.1968
24.065 841.2185 18.1964
24.075 841.2155 18.1963
24.085 841.2230 18.1964
24.095 841.2145 18.1948
24.105 841.2145 18.1940
24.115 841.2145 18.1952
24.125 841.2286 18.1967
24.135 841.2087 18.1975
24.145 841.2061 18.1973
24.155 841.2286 18.1980
24.165 841.2367 18.1987
24.175 841.2164 18.1975
24.185 841.2180 18.1981
24.195 841.2244 18.1980
24.205 841.2180 18.1980
24.215 841.2180 18.1979
24.225 841.2180 18.1984
24.235 841.2167 18.2005
24.245 841.2167 18.1989
24.255 841.2167 18.1983
24.265 841.2167 18.1987
24.275 841.2167 18.1983
24.285 841.2245 18.1988
24.295 841.2167 18.1989
24.305 841.2167 18.2000
24.315 841.2072 18.2007
24.325 841.2072 18.1991
24.335 841.2072 18.1976
24.345 841.2178 18.1987
24.355 841.2362 18.1995
24.365 841.2362 18.1989
24.375 841.2362 18.1987
24.385 841.2192 18.1993
24.395 841.2184 18.1997
24.405 841.2184 18.1988
24.415 841.2088 18.1976
24.425 841.1949 18.1968
24.435 841.2088 18.1981
24.445 841.2073 18.2000
24.455 841.2053 18.2011
24.465 841.2073 18.2008
24.475 841.2198 18.1999
24.485 841.2073 18.1996
24.495 841.2120 18.1997
24.505 841.2120 18.2004
24.515 841.2090 18.1999
24.525 841.2073 18.2000
24.535 841.2090 18.2000
24.545 841.2090 18.1993
24.555 841.2114 18.1996
24.565 841.2240 18.1989
24.575 841.2251 18.1985
24.585 841.2251 18.1992
24.595 841.2240 18.2004
24.605 841.2240 18.2017
24.615 841.2256 18.2028
24.625 841.2225 18.2013
24.635 841.2225 18.1992
24.645 841.2256 18.1985
24.655 841.2225 18.1983
24.665 841.2225 18.1987
24.675 841.2153 18.1993
24.685 841.2262 18.1999
24.695 841.2121 18.2007
24.705 841.2221 18.2007
24.715 841.2221 18.2005
24.725 841.2221 18.2007
24.735 841.2221 18.1997
24.745 841.2221 18.1995
24.755 841.2112 18.1997
24.765 841.2112 18.2000
24.775 841.2156 18.1999
24.785 841.2156 18.2000
24.795 841.2289 18.2004
24.805 841.2289 18.2020
24.815 841.2289 18.2039
24.825 841.2289 18.2020
24.835 841.2289 18.1989
24.845 841.2267 18.1980
24.855 841.2267 18.1987
24.865 841.2376 18.1983
24.875 841.2122 18.1984
24.885 841.2019 18.2001
24.895 841.2122 18.2011
24.905 841.2012 18.2005
24.915 841.2012 18.1991
24.925 841.2110 18.1992
24.935 841.2170 18.2017
24.945 841.2110 18.2028
24.955 841.2110 18.2017
24.965 841.2162 18.2013
24.975 841.2072 18.2011
24.985 841.2072 18.2003
24.995 841.2132 18.1992
25.005 841.2132 18.2003
25.015 841.2132 18.2012
25.025 841.2168 18.2005
25.035 841.2132 18.2005
25.045 841.2118 18.2003
25.055 841.2168 18.1999
25.065 841.2179 18.1991
25.075 841.2103 18.2000
25.085 841.2223 18.2013
25.095 841.2223 18.2007
25.105 841.2296 18.2015
25.115 841.2037 18.2025
25.125 841.2143 18.2011
25.135 841.2143 18.2000
25.145 841.2143 18.2009
25.155 841.2121 18.2012
25.165 841.2143 18.2007
25.175 841.2231 18.1999
25.185 841.2121 18.1996
25.195 841.2231 18.1996
25.205 841.2231 18.1995
25.215 841.2179 18.2021
25.225 841.2179 18.2031
25.235 841.2179 18.2011
25.245 841.2122 18.2019
25.255 841.2179 18.2028
25.265 841.2323 18.2027
25.275 841.2099 18.2032
25.285 841.2090 18.2039
25.295 841.2323 18.2028
25.305 841.2275 18.2016
25.315 841.2275 18.2028
25.325 841.2275 18.2024
25.335 841.2374 18.2019
25.345 841.2338 18.2024
25.355 841.2374 18.2016
25.365 841.2338 18.2015
25.375 841.2374 18.2025
25.385 841.2338 18.2031
25.395 841.2322 18.2033
25.405 841.2289 18.2031
25.415 841.2289 18.2025
25.425 841.2289 18.2032
25.435 841.2258 18.2033
25.445 841.2352 18.2021
25.455 841.2352 18.2017
25.465 841.2299 18.2019
25.475 841.2177 18.2017
25.485 841.2286 18.2020
25.495 841.2286 18.2021
25.505 841.2299 18.2029
25.515 841.2383 18.2036
25.525 841.2383 18.2028
25.535 841.2400 18.2028
25.545 841.2383 18.2029
25.555 841.2303 18.2036
25.565 841.2281 18.2035
25.575 841.2303 18.2029
25.585 841.2281 18.2039
25.595 841.2303 18.2047
25.605 841.2247 18.2040
25.615 841.2333 18.2028
25.625 841.2315 18.2027
25.635 841.2333 18.2033
25.645 841.2317 18.2043
25.655 841.2331 18.2035
25.665 841.2317 18.2036
25.675 841.2317 18.2035
25.685 841.2317 18.2024
25.695 841.2222 18.2039
25.705 841.2222 18.2049
25.715 841.2264 18.2045
25.725 841.2264 18.2039
25.735 841.2264 18.2043
25.745 841.2273 18.2032
25.755 841.2381 18.2015
25.765 841.2381 18.2020
25.775 841.2381 18.2027
25.785 841.2337 18.2032
25.795 841.2337 18.2037
25.805 841.2308 18.2025
25.815 841.2337 18.2024
25.825 841.2392 18.2036
25.835 841.2392 18.2035
25.845 841.2398 18.2041
25.855 841.2462 18.2041
25.865 841.2492 18.2043
25.875 841.2492 18.2037
25.885 841.2492 18.2032
25.895 841.2223 18.2055
25.905 841.2105 18.2059
25.915 841.2105 18.2039
25.925 841.2105 18.2036
25.935 841.2131 18.2051
25.945 841.2148 18.2053
25.955 841.2337 18.2051
25.965 841.2337 18.2049
25.975 841.2337 18.2053
25.985 841.2337 18.2041
25.995 841.2337 18.2020
26.005 841.2262 18.2039
26.015 841.2268 18.2064
26.025 841.2268 18.2064
26.035 841.2268 18.2060
26.045 841.2268 18.2060
26.055 841.2310 18.2055
26.065 841.2310 18.2056
26.075 841.2281 18.2056
26.085 841.2281 18.2032
26.095 841.2225 18.2035
26.105 841.2225 18.2053
26.115 841.2225 18.2040
26.125 841.2170 18.2047
26.135 841.2225 18.2047
26.145 841.2240 18.2025
26.155 841.2456 18.2039
26.165 841.2456 18.2053
26.175 841.2456 18.2060
26.185 841.2448 18.2055
26.195 841.2234 18.2044
26.205 841.2234 18.2043
26.215 841.2234 18.2056
26.225 841.2249 18.2067
26.235 841.2195 18.2049
26.245 841.2249 18.2061
26.255 841.2195 18.2057
26.265 841.2306 18.2047
26.275 841.2211 18.2061
26.285 841.2306 18.2056
26.295 841.2306 18.2041
26.305 841.2357 18.2047
26.315 841.2306 18.2059
26.325 841.2309 18.2063
26.335 841.2309 18.2065
26.345 841.2279 18.2048
26.355 841.2279 18.2049
26.365 841.2179 18.2065
26.375 841.2101 18.2063
26.385 841.2179 18.2052
26.395 841.2290 18.2060
26.405 841.2101 18.2075
26.415 841.2156 18.2075
26.425 841.2177 18.2059
26.435 841.2177 18.2055
26.445 841.2156 18.2072
26.455 841.2156 18.2080
26.465 841.2071 18.2069
26.475 841.2059 18.2048
26.485 841.2059 18.2047
26.495 841.2037 18.2061
26.505 841.2033 18.2061
26.515 841.2037 18.2047
26.525 841.2134 18.2044
26.535 841.2134 18.2052
26.545 841.2246 18.2057
26.555 841.2246 18.2079
26.565 841.2246 18.2076
26.575 841.2252 18.2064
26.585 841.2193 18.2071
26.595 841.2193 18.2075
26.605 841.2246 18.2056
26.615 841.2298 18.2051
26.625 841.2246 18.2065
26.635 841.2298 18.2072
26.645 841.2246 18.2067
26.655 841.2244 18.2065
26.665 841.2244 18.2072
26.675 841.2260 18.2077
26.685 841.2260 18.2079
26.695 841.2260 18.2064
26.705 841.2260 18.2065
26.715 841.2127 18.2075
26.725 841.2099 18.2075
26.735 841.2082 18.2072
26.745 841.2099 18.2057
26.755 841.2127 18.2048
26.765 841.2238 18.2069
26.775 841.2250 18.2064
26.785 841.2255 18.2069
26.795 841.2250 18.2091
26.805 841.2250 18.2071
26.815 841.2291 18.2067
26.825 841.2291 18.2080
26.835 841.2241 18.2077
26.845 841.2241 18.2084
26.855 841.2186 18.2079
26.865 841.2186 18.2083
26.875 841.2241 18.2101
26.885 841.2215 18.2093
26.895 841.2290 18.2075
26.905 841.2312 18.2059
26.915 841.2290 18.2055
26.925 841.2290 18.2057
26.935 841.2290 18.2076
26.945 841.2312 18.2077
26.955 841.2169 18.2059
26.965 841.2082 18.2068
26.975 841.2082 18.2067
26.985 841.2227 18.2083
26.995 841.2143 18.2105
27.005 841.2143 18.2072
27.015 841.2183 18.2056
27.025 841.2183 18.2056
27.035 841.2143 18.2075
27.045 841.2183 18.2104
27.055 841.2183 18.2101
27.065 841.2359 18.2095
27.075 841.2359 18.2095
27.085 841.2359 18.2100
27.095 841.2278 18.2093
27.105 841.2359 18.2092
27.115 841.2278 18.2088
27.125 841.2278 18.2087
27.135 841.2278 18.2084
27.145 841.2308 18.2079
27.155 841.2308 18.2083
27.165 841.2308 18.2075
27.175 841.2316 18.2085
27.185 841.2445 18.2099
27.195 841.2445 18.2088
27.205 841.2194 18.2091
27.215 841.2194 18.2083
27.225 841.2150 18.2088
27.235 841.2150 18.2093
27.245 841.2194 18.2095
27.255 841.2257 18.2109
27.265 841.2257 18.2109
27.275 841.2290 18.2105
27.285 841.2324 18.2112
27.295 841.2348 18.2109
27.305 841.2345 18.2092
27.315 841.2345 18.2091
27.325 841.2367 18.2088
27.335 841.2367 18.2097
27.345 841.2345 18.2099
27.355 841.2277 18.2088
27.365 841.2340 18.2108
27.375 841.2340 18.2119
27.385 841.2340 18.2109
27.395 841.2376 18.2111
27.405 841.2376 18.2129
27.415 841.2376 18.2136
27.425 841.2352 18.2123
27.435 841.2352 18.2117
27.445 841.2343 18.2111
27.455 841.2335 18.2112
27.465 841.2335 18.2115
27.475 841.2335 18.2116
27.485 841.2243 18.2111
27.495 841.2243 18.2109
27.505 841.2243 18.2119
27.515 841.2366 18.2104
27.525 841.2243 18.2111
27.535 841.2351 18.2129
27.545 841.2351 18.2115
27.555 841.2332 18.2099
27.565 841.2332 18.2107
27.575 841.2332 18.2113
27.585 841.2332 18.2113
27.595 841.2382 18.2109
27.605 841.2441 18.2103
27.615 841.2441 18.2119
27.625 841.2441 18.2117
27.635 841.2390 18.2109
27.645 841.2321 18.2108
27.655 841.2292 18.2087
27.665 841.2292 18.2089
27.675 841.2292 18.2128
27.685 841.2305 18.2132
27.695 841.2457 18.2112
27.705 841.2457 18.2103
27.715 841.2457 18.2101
27.725 841.2376 18.2109
27.735 841.2376 18.2108
27.745 841.2376 18.2111
27.755 841.2519 18.2116
27.765 841.2519 18.2123
27.775 841.2519 18.2128
27.785 841.2338 18.2124
27.795 841.2338 18.2109
27.805 841.2298 18.2105
27.815 841.2298 18.2120
27.825 841.2430 18.2120
27.835 841.2430 18.2116
27.845 841.2263 18.2115
27.855 841.2227 18.2096
27.865 841.2227 18.2097
27.875 841.2227 18.2127
27.885 841.2328 18.2135
27.895 841.2403 18.2133
27.905 841.2403 18.2139
27.915 841.2403 18.2132
27.925 841.2403 18.2109
27.935 841.2525 18.2112
27.945 841.2419 18.2133
27.955 841.2419 18.2136
27.965 841.2495 18.2131
27.975 841.2419 18.2128
27.985 841.2380 18.2143
27.995 841.2380 18.2139
28.005 841.2495 18.2115
28.015 841.2364 18.2127
28.025 841.2389 18.2141
28.035 841.2389 18.2136
28.045 841.2389 18.2132
28.055 841.2389 18.2137
28.065 841.2389 18.2139
28.075 841.2351 18.2121
28.085 841.2460 18.2116
28.095 841.2441 18.2107
28.105 841.2441 18.2111
28.115 841.2441 18.2125
28.125 841.2460 18.2141
28.135 841.2441 18.2136
28.145 841.2509 18.2121
28.155 841.2372 18.2133
28.165 841.2516 18.2125
28.175 841.2428 18.2124
28.185 841.2428 18.2131
28.195 841.2428 18.2143
28.205 841.2428 18.2144
28.215 841.2428 18.2128
28.225 841.2575 18.2119
28.235 841.2575 18.2125
28.245 841.2425 18.2125
28.255 841.2557 18.2128
28.265 841.2557 18.2141
28.275 841.2464 18.2148
28.285 841.2477 18.2141
28.295 841.2557 18.2128
28.305 841.2477 18.2119
28.315 841.2464 18.2132
28.325 841.2477 18.2145
28.335 841.2524 18.2136
28.345 841.2524 18.2135
28.355 841.2617 18.2117
28.365 841.2682 18.2121
28.375 841.2617 18.2144
28.385 841.2617 18.2152
28.395 841.2425 18.2141
28.405 841.2425 18.2141
28.415 841.2414 18.2141
28.425 841.2425 18.2133
28.435 841.2456 18.2136
28.445 841.2551 18.2139
28.455 841.2551 18.2140
28.465 841.2590 18.2145
28.475 841.2551 18.2148
28.485 841.2551 18.2140
28.495 841.2590 18.2132
28.505 841.2690 18.2136
28.515 841.2696 18.2153
28.525 841.2696 18.2151
28.535 841.2696 18.2149
28.545 841.2696 18.2159
28.555 841.2621 18.2147
28.565 841.2529 18.2137
28.575 841.2621 18.2149
28.585 841.2521 18.2141
28.595 841.2442 18.2143
28.605 841.2484 18.2155
28.615 841.2521 18.2145
28.625 841.2521 18.2145
28.635 841.2484 18.2149
28.645 841.2548 18.2153
28.655 841.2548 18.2149
28.665 841.2478 18.2136
28.675 841.2459 18.2139
28.685 841.2478 18.2143
28.695 841.2478 18.2161
28.705 841.2485 18.2161
28.715 841.2579 18.2149
28.725 841.2579 18.2148
28.735 841.2660 18.2151
28.745 841.2643 18.2153
28.755 841.2643 18.2157
28.765 841.2643 18.2157
28.775 841.2643 18.2153
28.785 841.2605 18.2148
28.795 841.2605 18.2159
28.805 841.2440 18.2163
28.815 841.2605 18.2143
28.825 841.2605 18.2152
28.835 841.2443 18.2157
28.845 841.2443 18.2152
28.855 841.2777 18.2165
28.865 841.2831 18.2183
28.875 841.2912 18.2181
28.885 841.2920 18.2177
28.895 841.2920 18.2176
28.905 841.2920 18.2169
28.915 841.2717 18.2153
28.925 841.2652 18.2163
28.935 841.2652 18.2176
28.945 841.2661 18.2189
28.955 841.2661 18.2173
28.965 841.2591 18.2160
28.975 841.2661 18.2172
28.985 841.2766 18.2159
28.995 841.2749 18.2175
29.005 841.2749 18.2187
29.015 841.2749 18.2160
29.025 841.2749 18.2168
29.035 841.2650 18.2183
29.045 841.2581 18.2164
29.055 841.2581 18.2148
29.065 841.2513 18.2167
29.075 841.2513 18.2180
29.085 841.2814 18.2167
29.095 841.2814 18.2175
29.105 841.2561 18.2187
29.115 841.2814 18.2173
29.125 841.2561 18.2167
29.135 841.2526 18.2191
29.145 841.2526 18.2179
29.155 841.2608 18.2157
29.165 841.2526 18.2172
29.175 841.2608 18.2185
29.185 841.2678 18.2181
29.195 841.2678 18.2189
29.205 841.2678 18.2169
29.215 841.2678 18.2165
29.225 841.2839 18.2179
29.235 841.2839 18.2167
29.245 841.2839 18.2192
29.255 841.2917 18.2204
29.265 841.2917 18.2189
29.275 841.2779 18.2176
29.285 841.2779 18.2167
29.295 841.2917 18.2171
29.305 841.2667 18.2185
29.315 841.2667 18.2196
29.325 841.2698 18.2192
29.335 841.2698 18.2191
29.345 841.2667 18.2183
29.355 841.2698 18.2179
29.365 841.2845 18.2180
29.375 841.2845 18.2181
29.385 841.2659 18.2201
29.395 841.2625 18.2195
29.405 841.2573 18.2172
29.415 841.2553 18.2169
29.425 841.2553 18.2175
29.435 841.2553 18.2185
29.445 841.2553 18.2191
29.455 841.2592 18.2177
29.465 841.2731 18.2175
29.475 841.2703 18.2180
29.485 841.2703 18.2183
29.495 841.2703 18.2185
29.505 841.2703 18.2180
29.515 841.2679 18.2197
29.525 841.2626 18.2208
29.535 841.2626 18.2203
29.545 841.2608 18.2204
29.555 841.2623 18.2187
29.565 841.2623 18.2180
29.575 841.2623 18.2195
29.585 841.2610 18.2193
29.595 841.2610 18.2211
29.605 841.2587 18.2212
29.615 841.2581 18.2185
29.625 841.2581 18.2191
29.635 841.2581 18.2195
29.645 841.2765 18.2199
29.655 841.2765 18.2209
29.665 841.2768 18.2200
29.675 841.2768 18.2203
29.685 841.2768 18.2229
29.695 841.2718 18.2224
29.705 841.2790 18.2195
29.715 841.2790 18.2200
29.725 841.2812 18.2212
29.735 841.2821 18.2193
29.745 841.2821 18.2189
29.755 841.2812 18.2193
29.765 841.2812 18.2203
29.775 841.2740 18.2223
29.785 841.2740 18.2225
29.795 841.2774 18.2205
29.805 841.2774 18.2191
29.815 841.2774 18.2203
29.825 841.2774 18.2211
29.835 841.2624 18.2203
29.845 841.2624 18.2193
29.855 841.2604 18.2199
29.865 841.2604 18.2223
29.875 841.2716 18.2216
29.885 841.2716 18.2204
29.895 841.2669 18.2215
29.905 841.2749 18.2220
29.915 841.2669 18.2224
29.925 841.2656 18.2200
29.935 841.2669 18.2176
29.945 841.2681 18.2179
29.955 841.2656 18.2188
29.965 841.2656 18.2191
29.975 841.2634 18.2183
29.985 841.2586 18.2177
