% 10-Apr-2024 12:06:57
% Time, s	 Pressure, mBar	 Temperature, degC
0.005 841.3438 20.8865
0.015 841.3348 20.8887
0.025 841.3308 20.8911
0.035 841.3424 20.8928
0.045 841.3424 20.8952
0.055 841.3424 20.8975
0.065 841.3424 20.8997
0.075 841.3424 20.9024
0.085 841.3339 20.9041
0.095 841.3339 20.9053
0.105 841.3287 20.9056
0.115 841.3339 20.9067
0.125 841.3287 20.9092
0.135 841.3287 20.9113
0.145 841.3287 20.9124
0.155 841.3297 20.9130
0.165 841.3297 20.9154
0.174 841.3317 20.9168
0.184 841.3342 20.9169
0.194 841.3342 20.9181
0.204 841.3421 20.9186
0.214 841.3520 20.9197
0.224 841.3520 20.9222
0.234 841.3520 20.9233
0.244 841.3487 20.9238
0.254 841.3487 20.9249
0.264 841.3487 20.9254
0.274 841.3505 20.9264
0.284 841.3505 20.9261
0.294 841.3586 20.9273
0.304 841.3505 20.9284
0.314 841.3505 20.9290
0.324 841.3309 20.9302
0.334 841.3606 20.9297
0.344 841.3509 20.9293
0.354 841.3509 20.9305
0.364 841.3458 20.9322
0.374 841.3458 20.9322
0.384 841.3458 20.9318
0.394 841.3458 20.9322
0.404 841.3464 20.9325
0.414 841.3467 20.9334
0.424 841.3515 20.9349
0.434 841.3524 20.9342
0.444 841.3635 20.9341
0.454 841.3524 20.9361
0.464 841.3515 20.9361
0.474 841.3524 20.9357
0.484 841.3639 20.9354
0.494 841.3600 20.9368
0.504 841.3600 20.9389
0.514 841.3600 20.9381
0.524 841.3600 20.9365
0.534 841.3525 20.9362
0.544 841.3525 20.9384
0.554 841.3656 20.9401
0.564 841.3656 20.9394
0.574 841.3600 20.9390
0.584 841.3662 20.9389
0.594 841.3600 20.9390
0.604 841.3600 20.9393
0.614 841.3542 20.9401
0.624 841.3698 20.9394
0.634 841.3620 20.9388
0.644 841.3620 20.9404
0.654 841.3616 20.9406
0.664 841.3616 20.9380
0.674 841.3616 20.9373
0.684 841.3497 20.9396
0.694 841.3497 20.9416
0.704 841.3497 20.9428
0.714 841.3441 20.9425
0.724 841.3441 20.9420
0.734 841.3441 20.9409
0.744 841.3458 20.9417
0.754 841.3458 20.9416
0.764 841.3458 20.9405
0.774 841.3449 20.9421
0.784 841.3508 20.9429
0.794 841.3449 20.9405
0.804 841.3404 20.9409
0.814 841.3404 20.9416
0.824 841.3399 20.9408
0.834 841.3399 20.9405
0.844 841.3404 20.9405
0.854 841.3657 20.9432
0.864 841.3668 20.9429
0.874 841.3668 20.9413
0.884 841.3668 20.9428
0.894 841.3668 20.9432
0.904 841.3545 20.9429
0.914 841.3536 20.9426
0.924 841.3545 20.9414
0.934 841.3545 20.9420
0.944 841.3599 20.9445
0.954 841.3683 20.9452
0.964 841.3683 20.9436
0.974 841.3599 20.9442
0.984 841.3537 20.9452
0.994 841.3464 20.9438
1.004 841.3464 20.9428
1.014 841.3464 20.9424
1.024 841.3464 20.9429
1.034 841.3498 20.9445
1.044 841.3498 20.9444
1.054 841.3450 20.9442
1.064 841.3498 20.9452
1.074 841.3641 20.9446
1.084 841.3498 20.9440
1.094 841.3498 20.9434
1.104 841.3498 20.9436
1.114 841.3498 20.9445
1.124 841.3498 20.9442
1.134 841.3498 20.9444
1.144 841.3557 20.9453
1.154 841.3559 20.9460
1.164 841.3557 20.9456
1.174 841.3498 20.9441
1.184 841.3557 20.9433
1.194 841.3475 20.9434
1.204 841.3475 20.9438
1.214 841.3571 20.9448
1.224 841.3596 20.9450
1.234 841.3596 20.9452
1.244 841.3596 20.9457
1.254 841.3661 20.9434
1.264 841.3661 20.9449
1.274 841.3672 20.9478
1.284 841.3700 20.9461
1.294 841.3700 20.9454
1.304 841.3672 20.9452
1.314 841.3644 20.9434
1.324 841.3621 20.9446
1.334 841.3621 20.9465
1.344 841.3644 20.9457
1.354 841.3644 20.9444
1.364 841.3683 20.9452
1.374 841.3683 20.9457
1.384 841.3683 20.9450
1.394 841.3644 20.9446
1.404 841.3643 20.9433
1.414 841.3643 20.9436
1.424 841.3602 20.9454
1.434 841.3554 20.9452
1.444 841.3554 20.9453
1.454 841.3501 20.9469
1.464 841.3501 20.9456
1.474 841.3501 20.9445
1.484 841.3626 20.9438
1.494 841.3626 20.9433
1.504 841.3671 20.9449
1.514 841.3711 20.9456
1.524 841.3711 20.9465
1.534 841.3664 20.9465
1.544 841.3664 20.9461
1.554 841.3636 20.9466
1.564 841.3636 20.9460
1.574 841.3571 20.9450
1.584 841.3571 20.9450
1.594 841.3571 20.9446
1.604 841.3571 20.9444
1.614 841.3515 20.9465
1.624 841.3515 20.9464
1.634 841.3515 20.9452
1.644 841.3613 20.9458
1.654 841.3613 20.9458
1.664 841.3613 20.9465
1.674 841.3610 20.9465
1.684 841.3579 20.9458
1.694 841.3473 20.9470
1.704 841.3456 20.9464
1.714 841.3456 20.9456
1.724 841.3473 20.9465
1.734 841.3703 20.9469
1.744 841.3703 20.9468
1.754 841.3703 20.9461
1.764 841.3588 20.9458
1.774 841.3571 20.9446
1.784 841.3501 20.9438
1.794 841.3501 20.9461
1.804 841.3448 20.9460
1.814 841.3448 20.9448
1.824 841.3448 20.9450
1.834 841.3629 20.9442
1.844 841.3636 20.9456
1.854 841.3636 20.9461
1.864 841.3636 20.9444
1.874 841.3478 20.9446
1.884 841.3478 20.9450
1.894 841.3459 20.9457
1.904 841.3459 20.9449
1.914 841.3459 20.9442
1.924 841.3448 20.9460
1.934 841.3448 20.9477
1.944 841.3448 20.9484
1.954 841.3468 20.9469
1.964 841.3468 20.9446
1.974 841.3627 20.9446
1.984 841.3627 20.9445
1.994 841.3627 20.9449
2.004 841.3535 20.9469
2.014 841.3535 20.9472
2.024 841.3535 20.9461
2.034 841.3686 20.9452
2.044 841.3686 20.9461
2.054 841.3717 20.9460
2.064 841.3686 20.9454
2.074 841.3717 20.9462
2.084 841.3633 20.9468
2.094 841.3753 20.9478
2.104 841.3633 20.9464
2.114 841.3574 20.9445
2.124 841.3574 20.9462
2.134 841.3630 20.9472
2.144 841.3630 20.9474
2.154 841.3647 20.9482
2.164 841.3689 20.9470
2.174 841.3689 20.9452
2.184 841.3689 20.9450
2.194 841.3613 20.9457
2.204 841.3613 20.9466
2.214 841.3613 20.9465
2.224 841.3613 20.9460
2.234 841.3633 20.9466
2.244 841.3633 20.9469
2.254 841.3554 20.9461
2.264 841.3437 20.9462
2.274 841.3437 20.9454
2.284 841.3437 20.9452
2.294 841.3537 20.9460
2.304 841.3445 20.9454
2.314 841.3445 20.9473
2.324 841.3537 20.9474
2.334 841.3627 20.9454
2.344 841.3580 20.9464
2.354 841.3580 20.9476
2.364 841.3684 20.9466
2.374 841.3580 20.9448
2.384 841.3574 20.9442
2.394 841.3574 20.9429
2.404 841.3457 20.9442
2.414 841.3457 20.9469
2.424 841.3574 20.9472
2.434 841.3585 20.9472
2.444 841.3574 20.9462
2.454 841.3588 20.9468
2.464 841.3588 20.9488
2.474 841.3734 20.9486
2.484 841.3544 20.9481
2.494 841.3635 20.9484
2.504 841.3635 20.9460
2.514 841.3768 20.9453
2.524 841.3641 20.9461
2.534 841.3641 20.9458
2.544 841.3641 20.9472
2.554 841.3599 20.9460
2.564 841.3436 20.9446
2.574 841.3436 20.9460
2.584 841.3436 20.9465
2.594 841.3431 20.9462
2.604 841.3372 20.9461
2.614 841.3638 20.9456
2.624 841.3652 20.9449
2.634 841.3372 20.9461
2.644 841.3652 20.9468
2.654 841.3652 20.9461
2.664 841.3367 20.9462
2.674 841.3367 20.9460
2.684 841.3336 20.9457
2.694 841.3336 20.9460
2.704 841.3448 20.9454
2.714 841.3471 20.9480
2.724 841.3471 20.9486
2.734 841.3490 20.9461
2.744 841.3490 20.9466
2.754 841.3599 20.9472
2.764 841.3490 20.9468
2.774 841.3557 20.9468
2.784 841.3557 20.9456
2.794 841.3557 20.9456
2.804 841.3493 20.9457
2.814 841.3557 20.9454
2.824 841.3605 20.9478
2.834 841.3605 20.9494
2.844 841.3614 20.9482
2.854 841.3614 20.9462
2.864 841.3614 20.9461
2.874 841.3532 20.9452
2.884 841.3532 20.9461
2.894 841.3532 20.9458
2.904 841.3572 20.9469
2.914 841.3504 20.9498
2.924 841.3572 20.9494
2.934 841.3572 20.9478
2.944 841.3504 20.9468
2.954 841.3504 20.9477
2.964 841.3582 20.9470
2.974 841.3529 20.9452
2.984 841.3582 20.9456
2.994 841.3582 20.9466
3.004 841.3555 20.9478
3.014 841.3529 20.9486
3.024 841.3555 20.9478
3.034 841.3555 20.9466
3.044 841.3602 20.9460
3.054 841.3692 20.9464
3.064 841.3692 20.9461
3.074 841.3602 20.9465
3.084 841.3571 20.9453
3.094 841.3512 20.9458
3.104 841.3484 20.9470
3.114 841.3512 20.9458
3.124 841.3571 20.9462
3.134 841.3571 20.9460
3.144 841.3571 20.9452
3.154 841.3571 20.9462
3.164 841.3571 20.9461
3.174 841.3571 20.9457
3.184 841.3591 20.9456
3.194 841.3591 20.9458
3.204 841.3624 20.9464
3.214 841.3624 20.9452
3.224 841.3624 20.9460
3.234 841.3431 20.9476
3.244 841.3633 20.9460
3.254 841.3431 20.9454
3.264 841.3538 20.9464
3.274 841.3538 20.9464
3.284 841.3538 20.9470
3.294 841.3538 20.9476
3.304 841.3549 20.9468
3.314 841.3577 20.9462
3.324 841.3594 20.9473
3.334 841.3638 20.9473
3.344 841.3594 20.9460
3.354 841.3577 20.9457
3.364 841.3490 20.9464
3.374 841.3434 20.9456
3.384 841.3434 20.9453
3.394 841.3490 20.9461
3.404 841.3527 20.9473
3.414 841.3672 20.9478
3.424 841.3672 20.9469
3.434 841.3672 20.9456
3.444 841.3627 20.9466
3.454 841.3546 20.9490
3.464 841.3509 20.9473
3.474 841.3509 20.9457
3.484 841.3509 20.9470
3.494 841.3509 20.9476
3.504 841.3538 20.9470
3.514 841.3538 20.9472
3.524 841.3538 20.9478
3.534 841.3658 20.9464
3.544 841.3728 20.9452
3.554 841.3728 20.9465
3.564 841.3728 20.9473
3.574 841.3728 20.9468
3.584 841.3728 20.9450
3.594 841.3700 20.9453
3.604 841.3700 20.9466
3.614 841.3700 20.9460
3.624 841.3681 20.9465
3.634 841.3599 20.9457
3.644 841.3599 20.9468
3.654 841.3599 20.9481
3.664 841.3577 20.9473
3.674 841.3515 20.9460
3.684 841.3515 20.9448
3.694 841.3515 20.9450
3.704 841.3532 20.9460
3.714 841.3635 20.9482
3.724 841.3635 20.9468
3.734 841.3635 20.9453
3.744 841.3532 20.9464
3.754 841.3490 20.9473
3.764 841.3490 20.9464
3.774 841.3568 20.9458
3.784 841.3568 20.9472
3.794 841.3568 20.9461
3.804 841.3692 20.9460
3.814 841.3568 20.9469
3.824 841.3731 20.9470
3.834 841.3345 20.9474
3.844 841.3731 20.9482
3.854 841.3681 20.9481
3.864 841.3681 20.9472
3.874 841.3605 20.9474
3.884 841.3605 20.9481
3.894 841.3565 20.9462
3.904 841.3361 20.9452
3.914 841.3361 20.9474
3.924 841.3350 20.9476
3.934 841.3350 20.9470
3.944 841.3350 20.9469
3.954 841.3431 20.9465
3.964 841.3468 20.9468
3.974 841.3468 20.9469
3.984 841.3468 20.9469
3.994 841.3484 20.9469
4.004 841.3515 20.9473
4.014 841.3515 20.9476
4.024 841.3546 20.9460
4.034 841.3515 20.9448
4.044 841.3515 20.9458
4.054 841.3546 20.9468
4.064 841.3546 20.9474
4.074 841.3462 20.9478
4.084 841.3507 20.9466
4.094 841.3468 20.9465
4.104 841.3462 20.9480
4.114 841.3468 20.9477
4.124 841.3479 20.9476
4.134 841.3468 20.9466
4.144 841.3415 20.9456
4.154 841.3437 20.9466
4.164 841.3437 20.9474
4.174 841.3412 20.9478
4.184 841.3437 20.9473
4.194 841.3437 20.9461
4.204 841.3425 20.9454
4.214 841.3425 20.9464
4.224 841.3562 20.9449
4.234 841.3470 20.9450
4.244 841.3510 20.9466
4.254 841.3510 20.9462
4.264 841.3470 20.9481
4.274 841.3470 20.9478
4.284 841.3417 20.9469
4.294 841.3417 20.9469
4.304 841.3420 20.9465
4.314 841.3485 20.9478
4.324 841.3485 20.9477
4.334 841.3692 20.9472
4.344 841.3692 20.9477
4.354 841.3692 20.9468
4.364 841.3633 20.9466
4.374 841.3484 20.9468
4.384 841.3462 20.9457
4.394 841.3484 20.9453
4.404 841.3484 20.9452
4.414 841.3484 20.9470
4.424 841.3496 20.9474
4.434 841.3504 20.9470
4.444 841.3504 20.9478
4.454 841.3504 20.9480
4.464 841.3574 20.9477
4.474 841.3574 20.9449
4.484 841.3476 20.9440
4.494 841.3417 20.9461
4.504 841.3417 20.9465
4.514 841.3392 20.9462
4.524 841.3201 20.9473
4.534 841.3201 20.9462
4.544 841.3201 20.9460
4.554 841.3201 20.9472
4.564 841.3462 20.9466
4.574 841.3462 20.9468
4.584 841.3392 20.9474
4.594 841.3462 20.9468
4.604 841.3462 20.9457
4.614 841.3392 20.9458
4.624 841.3392 20.9456
4.634 841.3359 20.9465
4.644 841.3356 20.9480
4.654 841.3356 20.9481
4.664 841.3359 20.9480
4.674 841.3488 20.9478
4.684 841.3488 20.9485
4.694 841.3488 20.9491
4.704 841.3451 20.9480
4.714 841.3406 20.9472
4.724 841.3392 20.9461
4.734 841.3392 20.9457
4.744 841.3392 20.9457
4.754 841.3392 20.9460
4.764 841.3392 20.9476
4.774 841.3434 20.9461
4.784 841.3434 20.9452
4.794 841.3434 20.9461
4.804 841.3280 20.9476
4.814 841.3411 20.9488
4.824 841.3285 20.9473
4.834 841.3411 20.9458
4.844 841.3317 20.9462
4.854 841.3317 20.9474
4.864 841.3317 20.9477
4.874 841.3317 20.9478
4.884 841.3084 20.9469
4.894 841.3084 20.9456
4.904 841.3464 20.9457
4.914 841.3316 20.9452
4.924 841.3464 20.9444
4.934 841.3588 20.9453
4.944 841.3464 20.9462
4.954 841.3316 20.9449
4.964 841.3353 20.9453
4.974 841.3353 20.9466
4.984 841.3353 20.9462
4.994 841.3453 20.9462
5.004 841.3453 20.9469
5.014 841.3453 20.9470
5.024 841.3574 20.9468
5.034 841.3400 20.9458
5.044 841.3400 20.9456
5.054 841.3400 20.9445
5.064 841.3400 20.9442
5.074 841.3400 20.9452
5.084 841.3266 20.9437
5.094 841.3254 20.9433
5.104 841.3266 20.9453
5.114 841.3409 20.9456
5.124 841.3409 20.9457
5.134 841.3409 20.9473
5.144 841.3417 20.9469
5.154 841.3417 20.9457
5.164 841.3450 20.9453
5.174 841.3456 20.9452
5.184 841.3456 20.9448
5.194 841.3456 20.9440
5.204 841.3386 20.9462
5.214 841.3386 20.9472
5.224 841.3386 20.9468
5.234 841.3305 20.9469
5.244 841.3112 20.9456
5.254 841.3428 20.9453
5.264 841.3171 20.9450
5.274 841.3149 20.9458
5.284 841.3149 20.9472
5.294 841.3171 20.9477
5.304 841.3149 20.9477
5.314 841.3149 20.9464
5.324 841.3289 20.9478
5.334 841.3289 20.9488
5.344 841.3171 20.9477
5.354 841.3289 20.9472
5.364 841.3428 20.9477
5.374 841.3428 20.9478
5.384 841.3437 20.9466
5.394 841.3437 20.9462
5.404 841.3428 20.9458
5.414 841.3437 20.9468
5.424 841.3353 20.9472
5.434 841.3353 20.9465
5.444 841.3403 20.9478
5.454 841.3442 20.9488
5.464 841.3403 20.9470
5.474 841.3403 20.9470
5.484 841.3403 20.9469
5.494 841.3400 20.9458
5.504 841.3378 20.9480
5.514 841.3378 20.9490
5.524 841.3378 20.9474
5.534 841.3378 20.9477
5.544 841.3485 20.9477
5.554 841.3485 20.9478
5.564 841.3555 20.9474
5.574 841.3555 20.9481
5.584 841.3261 20.9509
5.594 841.3261 20.9490
5.604 841.3261 20.9466
5.614 841.3261 20.9464
5.624 841.3227 20.9465
5.634 841.3173 20.9462
5.644 841.3173 20.9449
5.654 841.3173 20.9452
5.664 841.3173 20.9448
5.674 841.3344 20.9462
5.684 841.3344 20.9481
5.694 841.3420 20.9466
5.704 841.3426 20.9461
5.714 841.3347 20.9465
5.724 841.3347 20.9473
5.734 841.3426 20.9476
5.744 841.3426 20.9462
5.754 841.3451 20.9461
5.764 841.3451 20.9469
5.774 841.3560 20.9476
5.784 841.3616 20.9472
5.794 841.3560 20.9465
5.804 841.3369 20.9457
5.814 841.3426 20.9448
5.824 841.3426 20.9462
5.834 841.3426 20.9481
5.844 841.3467 20.9473
5.854 841.3474 20.9461
5.864 841.3474 20.9470
5.874 841.3467 20.9495
5.884 841.3336 20.9490
5.894 841.3167 20.9454
5.904 841.3167 20.9430
5.914 841.3184 20.9438
5.924 841.3184 20.9454
5.934 841.3316 20.9465
5.944 841.3426 20.9473
5.954 841.3443 20.9461
5.964 841.3443 20.9442
5.974 841.3316 20.9445
5.984 841.3307 20.9449
5.994 841.3307 20.9458
6.004 841.3307 20.9477
6.014 841.3325 20.9473
6.024 841.3325 20.9473
6.034 841.3336 20.9478
6.044 841.3325 20.9465
6.054 841.3258 20.9454
6.064 841.3257 20.9477
6.074 841.3258 20.9473
6.084 841.3232 20.9461
6.094 841.3258 20.9464
6.104 841.3322 20.9465
6.114 841.3325 20.9485
6.124 841.3325 20.9490
6.134 841.3362 20.9473
6.144 841.3325 20.9466
6.154 841.3210 20.9466
6.164 841.3210 20.9469
6.174 841.3395 20.9480
6.184 841.3378 20.9474
6.194 841.3395 20.9457
6.204 841.3395 20.9450
6.214 841.3476 20.9466
6.224 841.3517 20.9468
6.234 841.3546 20.9445
6.244 841.4302 20.9445
6.254 841.5097 20.9466
6.264 841.5097 20.9478
6.274 841.4684 20.9473
6.284 841.4684 20.9465
6.294 841.4384 20.9488
6.304 841.1381 20.9491
6.314 841.0207 20.9469
6.324 840.6072 20.9469
6.334 840.5251 20.9486
6.344 840.4871 20.9490
6.354 840.4697 20.9486
6.364 840.4660 20.9497
6.374 840.4660 20.9482
6.384 840.4487 20.9469
6.394 840.4198 20.9473
6.404 840.4187 20.9484
6.414 840.4055 20.9485
6.424 840.3951 20.9468
6.434 840.3618 20.9477
6.444 840.2923 20.9474
6.454 840.0855 20.9466
6.464 839.8029 20.9473
6.474 839.8029 20.9462
6.484 839.8029 20.9466
6.494 839.8432 20.9473
6.504 840.0038 20.9477
6.514 840.1663 20.9490
6.524 840.2371 20.9484
6.534 840.3792 20.9476
6.544 840.3929 20.9473
6.554 840.4203 20.9472
6.564 840.5500 20.9469
6.574 840.6167 20.9454
6.584 840.6343 20.9458
6.594 840.6343 20.9454
6.604 840.6167 20.9448
6.614 840.5874 20.9465
6.624 840.5874 20.9485
6.634 840.5874 20.9494
6.644 840.5960 20.9480
6.654 840.6274 20.9477
6.664 840.6403 20.9490
6.674 840.6403 20.9482
6.684 840.6403 20.9465
6.694 840.6388 20.9460
6.704 840.6349 20.9473
6.714 840.6070 20.9491
6.724 840.6016 20.9477
6.734 840.6002 20.9458
6.744 840.5971 20.9470
6.754 840.5893 20.9484
6.764 840.5873 20.9480
6.774 840.5523 20.9480
6.784 840.5504 20.9494
6.794 840.5378 20.9498
6.804 840.5280 20.9497
6.814 840.5240 20.9491
6.824 840.5007 20.9484
6.834 840.4893 20.9474
6.844 840.4747 20.9465
6.854 840.4747 20.9470
6.864 840.4651 20.9480
6.874 840.4531 20.9481
6.884 840.4531 20.9477
6.894 840.4646 20.9474
6.904 840.4408 20.9486
6.914 840.4377 20.9505
6.924 840.4377 20.9495
6.934 840.4280 20.9478
6.944 840.4172 20.9469
6.954 840.4102 20.9461
6.964 840.3828 20.9460
6.974 840.3828 20.9462
6.984 840.3828 20.9481
6.994 840.3772 20.9485
7.004 840.3629 20.9474
7.014 840.3455 20.9465
7.024 840.3455 20.9472
7.034 840.3436 20.9465
7.044 840.3436 20.9458
7.054 840.3290 20.9478
7.064 840.3366 20.9478
7.074 840.3366 20.9478
7.084 840.3184 20.9485
7.094 840.2999 20.9480
7.104 840.2954 20.9466
7.114 840.2954 20.9469
7.124 840.2954 20.9473
7.134 840.2954 20.9481
7.144 840.2954 20.9486
7.154 840.2963 20.9470
7.164 840.2848 20.9484
7.174 840.2848 20.9501
7.184 840.2848 20.9478
7.194 840.2920 20.9465
7.204 840.2848 20.9480
7.214 840.2783 20.9473
7.224 840.2741 20.9466
7.234 840.2741 20.9488
7.244 840.2741 20.9491
7.254 840.2741 20.9472
7.264 840.2741 20.9470
7.274 840.2716 20.9485
7.284 840.2694 20.9507
7.294 840.2674 20.9499
7.304 840.2500 20.9482
7.314 840.2469 20.9473
7.324 840.2374 20.9461
7.334 840.2374 20.9472
7.344 840.2374 20.9462
7.354 840.2377 20.9465
7.364 840.2470 20.9484
7.374 840.2470 20.9494
7.384 840.2425 20.9490
7.394 840.2377 20.9493
7.404 840.2358 20.9493
7.414 840.2358 20.9474
7.424 840.2410 20.9466
7.434 840.2351 20.9470
7.444 840.2351 20.9486
7.454 840.2410 20.9465
7.464 840.2312 20.9438
7.474 840.2312 20.9453
7.484 840.2354 20.9472
7.494 840.2354 20.9468
7.504 840.2354 20.9474
7.514 840.2354 20.9472
7.524 840.2475 20.9476
7.534 840.2312 20.9485
7.544 840.2475 20.9469
7.554 840.2475 20.9476
7.564 840.2475 20.9481
7.574 840.2318 20.9468
7.584 840.2545 20.9474
7.594 840.2475 20.9474
7.604 840.2318 20.9470
7.614 840.2475 20.9485
7.624 840.2475 20.9478
7.634 840.2475 20.9472
7.644 840.2548 20.9484
7.654 840.2598 20.9480
7.664 840.2548 20.9465
7.674 840.2634 20.9469
7.684 840.2744 20.9466
7.694 840.2820 20.9481
7.704 840.2820 20.9489
7.714 840.2892 20.9476
7.724 840.2859 20.9478
7.734 840.2892 20.9481
7.744 840.2914 20.9476
7.754 840.2914 20.9465
7.764 840.2914 20.9454
7.774 840.2954 20.9465
7.784 840.3015 20.9469
7.794 840.3015 20.9462
7.804 840.3015 20.9472
7.814 840.3015 20.9477
7.824 840.3018 20.9486
7.834 840.3041 20.9482
7.844 840.3318 20.9480
7.854 840.3318 20.9484
7.864 840.3318 20.9478
7.874 840.3318 20.9469
7.884 840.3103 20.9465
7.894 840.3103 20.9474
7.904 840.3343 20.9480
7.914 840.3343 20.9499
7.924 840.3335 20.9490
7.934 840.3380 20.9478
7.944 840.3335 20.9478
7.954 840.3335 20.9462
7.964 840.3338 20.9488
7.974 840.3338 20.9491
7.984 840.3304 20.9472
7.994 840.3290 20.9473
8.004 840.3215 20.9485
8.014 840.3203 20.9485
8.024 840.3128 20.9472
8.034 840.3117 20.9476
8.044 840.3128 20.9476
8.054 840.3128 20.9478
8.064 840.3128 20.9474
8.074 840.3117 20.9462
8.084 840.3183 20.9469
8.094 840.3183 20.9478
8.104 840.3218 20.9486
8.114 840.3481 20.9491
8.124 840.3579 20.9482
8.134 840.3680 20.9473
8.144 840.3680 20.9482
8.154 840.3730 20.9474
8.164 840.3730 20.9472
8.174 840.4021 20.9472
8.184 840.4094 20.9469
8.194 840.4108 20.9472
8.204 840.4313 20.9462
8.214 840.4346 20.9468
8.224 840.4355 20.9480
8.234 840.4461 20.9478
8.244 840.4481 20.9480
8.254 840.4523 20.9480
8.264 840.4559 20.9476
8.274 840.4582 20.9480
8.284 840.4699 20.9485
8.294 840.5083 20.9473
8.304 840.5083 20.9470
8.314 840.5089 20.9489
8.324 840.5265 20.9476
8.334 840.5291 20.9469
8.344 840.5291 20.9481
8.354 840.5419 20.9488
8.364 840.5540 20.9482
8.374 840.5682 20.9462
8.384 840.5711 20.9460
8.394 840.5711 20.9481
8.404 840.6058 20.9470
8.414 840.6069 20.9468
8.424 840.6223 20.9477
8.434 840.6336 20.9482
8.444 840.6350 20.9489
8.454 840.6540 20.9476
8.464 840.6554 20.9481
8.474 840.6637 20.9474
8.484 840.6646 20.9461
8.494 840.6646 20.9458
8.504 840.6811 20.9478
8.514 840.7101 20.9494
8.524 840.7101 20.9494
8.534 840.7134 20.9495
8.544 840.7171 20.9477
8.554 840.7171 20.9462
8.564 840.7217 20.9458
8.574 840.7316 20.9465
8.584 840.7411 20.9477
8.594 840.7554 20.9478
8.604 840.7565 20.9484
8.614 840.7585 20.9478
8.624 840.7632 20.9469
8.634 840.7632 20.9469
8.644 840.7632 20.9476
8.654 840.7632 20.9474
8.664 840.7680 20.9458
8.674 840.7811 20.9465
8.684 840.7994 20.9472
8.694 840.8075 20.9464
8.704 840.8075 20.9478
8.714 840.8075 20.9493
8.724 840.8075 20.9497
8.734 840.7964 20.9493
8.744 840.7964 20.9477
8.754 840.8086 20.9468
8.764 840.8086 20.9476
8.774 840.8184 20.9478
8.784 840.8193 20.9474
8.794 840.8344 20.9478
8.804 840.8470 20.9482
8.814 840.8470 20.9484
8.824 840.8570 20.9478
8.834 840.8570 20.9468
8.844 840.8570 20.9458
8.854 840.8570 20.9469
8.864 840.8683 20.9488
8.874 840.8812 20.9488
8.884 840.9036 20.9493
8.894 840.9154 20.9488
8.904 840.9154 20.9465
8.914 840.9154 20.9464
8.924 840.9204 20.9474
8.934 840.9204 20.9477
8.944 840.9493 20.9470
8.954 840.9529 20.9473
8.964 840.9543 20.9481
8.974 840.9543 20.9482
8.984 840.9731 20.9469
8.994 840.9770 20.9484
9.004 840.9818 20.9482
9.014 840.9820 20.9469
9.024 841.0011 20.9480
9.034 841.0148 20.9481
9.044 841.0266 20.9473
9.054 841.0285 20.9466
9.064 841.0475 20.9453
9.074 841.0540 20.9448
9.084 841.0716 20.9468
9.094 841.0935 20.9486
9.104 841.0935 20.9480
9.114 841.0983 20.9470
9.124 841.0983 20.9477
9.134 841.0989 20.9481
9.144 841.1331 20.9491
9.154 841.1364 20.9481
9.164 841.1476 20.9464
9.174 841.1557 20.9468
9.184 841.1745 20.9469
9.194 841.1787 20.9473
9.204 841.1863 20.9473
9.214 841.1863 20.9464
9.224 841.1863 20.9481
9.234 841.1930 20.9481
9.244 841.1834 20.9468
9.254 841.1834 20.9478
9.264 841.1834 20.9476
9.274 841.1815 20.9472
9.284 841.1599 20.9482
9.294 841.1507 20.9488
9.304 841.1507 20.9472
9.314 841.1439 20.9468
9.324 841.1431 20.9469
9.334 841.1431 20.9484
9.344 841.1585 20.9468
9.354 841.3577 20.9438
9.364 841.3661 20.9457
9.374 841.3661 20.9465
9.384 841.3661 20.9452
9.394 841.4254 20.9462
9.404 841.4263 20.9472
9.414 841.4263 20.9442
9.424 841.4263 20.9437
9.434 841.4209 20.9446
9.444 841.3784 20.9452
9.454 841.3487 20.9456
9.464 841.3473 20.9454
9.474 841.3386 20.9449
9.484 841.3375 20.9446
9.494 841.3375 20.9458
9.504 841.3347 20.9460
9.514 841.3193 20.9444
9.524 841.3347 20.9437
9.534 841.3165 20.9441
9.544 841.3165 20.9445
9.554 841.3165 20.9453
9.564 841.3165 20.9453
9.574 841.3142 20.9441
9.584 841.3125 20.9434
9.594 841.3125 20.9442
9.604 841.3127 20.9442
9.614 841.3127 20.9420
9.624 841.3127 20.9422
9.634 841.3204 20.9448
9.644 841.3204 20.9464
9.654 841.3204 20.9464
9.664 841.3204 20.9466
9.674 841.3246 20.9452
9.684 841.3246 20.9438
9.694 841.3246 20.9469
9.704 841.3198 20.9453
9.714 841.3122 20.9425
9.724 841.3081 20.9430
9.734 841.3081 20.9434
9.744 841.3081 20.9461
9.754 841.3137 20.9473
9.764 841.3137 20.9456
9.774 841.3282 20.9452
9.784 841.3137 20.9449
9.794 841.3282 20.9445
9.804 841.3282 20.9449
9.814 841.3304 20.9452
9.824 841.3304 20.9441
9.834 841.3304 20.9432
9.844 841.3224 20.9446
9.854 841.3224 20.9465
9.864 841.3224 20.9470
9.874 841.3282 20.9472
9.884 841.3423 20.9453
9.894 841.3445 20.9440
9.904 841.3445 20.9458
9.914 841.3445 20.9454
9.924 841.3440 20.9461
9.934 841.3350 20.9464
9.944 841.3330 20.9436
9.954 841.3330 20.9436
9.964 841.3330 20.9453
9.974 841.3249 20.9446
9.984 841.3386 20.9454
9.994 841.3386 20.9456
10.004 841.3386 20.9436
10.014 841.3380 20.9444
10.024 841.3397 20.9453
10.034 841.3397 20.9465
10.044 841.3741 20.9460
10.054 841.3705 20.9434
10.064 841.3705 20.9440
10.074 841.3705 20.9454
10.084 841.3649 20.9456
10.094 841.3649 20.9436
10.104 841.3649 20.9433
10.114 841.3781 20.9460
10.124 841.3834 20.9450
10.134 841.3845 20.9449
10.144 841.3891 20.9464
10.154 841.3891 20.9462
10.164 841.3891 20.9452
10.174 841.3753 20.9456
10.184 841.3753 20.9453
10.194 841.3742 20.9433
10.204 841.3470 20.9433
10.214 841.3439 20.9438
10.224 841.3470 20.9432
10.234 841.3470 20.9437
10.244 841.3507 20.9452
10.254 841.3571 20.9456
10.264 841.3587 20.9446
10.274 841.3587 20.9438
10.284 841.3587 20.9446
10.294 841.3587 20.9436
10.304 841.3562 20.9426
10.314 841.3562 20.9434
10.324 841.3562 20.9450
10.334 841.3644 20.9473
10.344 841.3644 20.9466
10.354 841.3686 20.9449
10.364 841.3728 20.9454
10.374 841.3728 20.9453
10.384 841.3686 20.9460
10.394 841.3759 20.9464
10.404 841.3843 20.9456
10.414 841.3759 20.9456
10.424 841.3677 20.9456
10.434 841.3759 20.9453
10.444 841.3744 20.9449
10.454 841.3677 20.9440
10.464 841.3711 20.9441
10.474 841.3744 20.9442
10.484 841.3744 20.9449
10.494 841.3711 20.9472
10.504 841.3711 20.9458
10.514 841.3812 20.9446
10.524 841.3812 20.9454
10.534 841.3812 20.9457
10.544 841.3812 20.9452
10.554 841.3812 20.9436
10.564 841.3806 20.9433
10.574 841.3610 20.9440
10.584 841.3610 20.9454
10.594 841.3728 20.9465
10.604 841.3806 20.9453
10.614 841.3728 20.9449
10.624 841.3773 20.9453
10.634 841.3773 20.9456
10.644 841.3773 20.9454
10.654 841.3773 20.9464
10.664 841.3773 20.9470
10.674 841.3734 20.9453
10.684 841.3655 20.9460
10.694 841.3585 20.9472
10.704 841.3582 20.9461
10.714 841.3582 20.9450
10.724 841.3585 20.9444
10.734 841.3851 20.9448
10.744 841.3851 20.9461
10.754 841.3851 20.9468
10.764 841.3823 20.9464
10.774 841.3823 20.9454
10.784 841.3823 20.9464
10.794 841.3823 20.9484
10.804 841.4000 20.9458
10.814 841.4000 20.9453
10.824 841.3703 20.9468
10.834 841.3703 20.9444
10.844 841.3770 20.9436
10.854 841.3770 20.9445
10.864 841.3955 20.9456
10.874 841.3978 20.9472
10.884 841.3978 20.9477
10.894 841.3955 20.9460
10.904 841.3882 20.9454
10.914 841.3882 20.9457
10.924 841.3882 20.9458
10.934 841.3882 20.9452
10.944 841.3882 20.9432
10.954 841.3840 20.9442
10.964 841.3750 20.9454
10.974 841.3700 20.9444
10.984 841.3700 20.9452
10.994 841.3700 20.9468
11.004 841.3750 20.9466
11.014 841.3700 20.9452
11.024 841.3761 20.9446
11.034 841.3761 20.9454
11.044 841.3643 20.9441
11.054 841.3643 20.9433
11.064 841.3643 20.9433
11.074 841.3643 20.9441
11.084 841.3871 20.9454
11.094 841.3944 20.9449
11.104 841.3871 20.9453
11.114 841.3871 20.9456
11.124 841.3823 20.9452
11.134 841.3801 20.9454
11.144 841.3745 20.9465
11.154 841.3745 20.9457
11.164 841.3728 20.9430
11.174 841.3671 20.9430
11.184 841.3671 20.9444
11.194 841.3753 20.9450
11.204 841.3753 20.9453
11.214 841.3758 20.9461
11.224 841.3770 20.9442
11.234 841.3758 20.9432
11.244 841.3758 20.9448
11.254 841.3758 20.9440
11.264 841.3624 20.9432
11.274 841.3624 20.9440
11.284 841.3624 20.9448
11.294 841.3624 20.9444
11.304 841.3624 20.9446
11.314 841.3750 20.9454
11.324 841.3825 20.9442
11.334 841.3831 20.9440
11.344 841.3831 20.9430
11.354 841.3825 20.9418
11.364 841.3831 20.9438
11.374 841.3772 20.9469
11.384 841.3772 20.9465
11.394 841.3714 20.9448
11.404 841.3714 20.9457
11.414 841.3694 20.9458
11.424 841.3714 20.9457
11.434 841.3694 20.9460
11.444 841.3694 20.9454
11.454 841.3624 20.9436
11.464 841.3812 20.9440
11.474 841.3812 20.9456
11.484 841.3812 20.9457
11.494 841.3812 20.9465
11.504 841.3812 20.9470
11.514 841.3812 20.9460
11.524 841.3876 20.9460
11.534 841.3876 20.9461
11.544 841.3876 20.9456
11.554 841.3876 20.9458
11.564 841.3663 20.9449
11.574 841.3644 20.9426
11.584 841.3644 20.9428
11.594 841.3663 20.9448
11.604 841.3772 20.9438
11.614 841.3836 20.9429
11.624 841.3882 20.9442
11.634 841.3882 20.9460
11.644 841.3882 20.9454
11.654 841.3800 20.9441
11.664 841.3761 20.9441
11.674 841.3761 20.9436
11.684 841.3789 20.9440
11.694 841.3789 20.9438
11.704 841.3778 20.9428
11.714 841.3789 20.9436
11.724 841.3795 20.9441
11.734 841.3778 20.9449
11.744 841.3778 20.9466
11.754 841.3669 20.9453
11.764 841.3669 20.9440
11.774 841.3669 20.9437
11.784 841.3641 20.9441
11.794 841.3604 20.9430
11.804 841.3750 20.9414
11.814 841.3719 20.9420
11.824 841.3604 20.9428
11.834 841.3719 20.9453
11.844 841.3719 20.9466
11.854 841.3719 20.9437
11.864 841.3565 20.9420
11.874 841.3719 20.9448
11.884 841.3568 20.9452
11.894 841.3602 20.9437
11.904 841.3602 20.9437
11.914 841.3719 20.9445
11.924 841.3790 20.9462
11.934 841.3790 20.9453
11.944 841.3790 20.9437
11.954 841.3803 20.9442
11.964 841.3643 20.9446
11.974 841.3596 20.9437
11.984 841.3643 20.9425
11.994 841.3643 20.9436
12.004 841.3635 20.9438
12.014 841.3573 20.9422
12.024 841.3635 20.9421
12.034 841.3573 20.9440
12.044 841.3635 20.9444
12.054 841.3680 20.9428
12.064 841.3683 20.9430
12.074 841.3680 20.9442
12.084 841.3722 20.9440
12.094 841.3722 20.9438
12.104 841.3722 20.9454
12.114 841.3722 20.9458
12.124 841.3926 20.9444
12.134 841.3926 20.9432
12.144 841.3792 20.9425
12.154 841.3792 20.9438
12.164 841.3638 20.9448
12.174 841.3635 20.9446
12.184 841.3635 20.9453
12.194 841.3635 20.9442
12.204 841.3635 20.9429
12.214 841.3635 20.9437
12.224 841.3719 20.9437
12.234 841.3804 20.9450
12.244 841.3719 20.9473
12.254 841.3677 20.9461
12.264 841.3677 20.9446
12.274 841.3573 20.9449
12.284 841.3573 20.9440
12.294 841.3652 20.9445
12.304 841.3643 20.9453
12.314 841.3643 20.9442
12.324 841.3652 20.9441
12.334 841.3694 20.9436
12.344 841.3643 20.9433
12.354 841.3694 20.9432
12.364 841.3694 20.9465
12.374 841.3694 20.9472
12.384 841.3605 20.9449
12.394 841.3694 20.9454
12.404 841.3615 20.9449
12.414 841.3615 20.9446
12.424 841.3705 20.9444
12.434 841.3705 20.9434
12.444 841.3615 20.9433
12.454 841.3747 20.9433
12.464 841.3582 20.9433
12.474 841.3582 20.9430
12.484 841.3582 20.9436
12.494 841.3582 20.9446
12.504 841.3582 20.9445
12.514 841.3568 20.9442
12.524 841.3568 20.9453
12.534 841.3652 20.9466
12.544 841.3683 20.9461
12.554 841.3683 20.9460
12.564 841.3683 20.9449
12.574 841.3683 20.9437
12.584 841.3624 20.9449
12.594 841.3624 20.9456
12.604 841.3624 20.9445
12.614 841.3680 20.9437
12.624 841.3702 20.9437
12.634 841.3702 20.9434
12.644 841.3702 20.9442
12.654 841.3711 20.9444
12.664 841.3815 20.9441
12.674 841.3711 20.9450
12.684 841.3750 20.9452
12.694 841.3814 20.9438
12.704 841.3750 20.9436
12.714 841.3671 20.9442
12.724 841.3750 20.9422
12.734 841.3654 20.9410
12.744 841.3627 20.9440
12.754 841.3627 20.9457
12.764 841.3722 20.9448
12.774 841.3627 20.9440
12.784 841.3559 20.9438
12.794 841.3634 20.9442
12.804 841.3634 20.9425
12.814 841.3634 20.9413
12.824 841.3654 20.9422
12.834 841.3707 20.9429
12.844 841.3707 20.9425
12.854 841.3710 20.9424
12.864 841.3710 20.9433
12.874 841.3707 20.9445
12.884 841.3610 20.9462
12.894 841.3756 20.9449
12.904 841.3699 20.9437
12.914 841.3699 20.9437
12.924 841.3727 20.9436
12.934 841.3727 20.9441
12.944 841.3727 20.9432
12.954 841.3825 20.9429
12.964 841.3825 20.9430
12.974 841.3839 20.9424
12.984 841.3839 20.9438
12.994 841.3806 20.9452
13.004 841.3806 20.9445
13.014 841.3758 20.9440
13.024 841.3736 20.9437
13.034 841.3713 20.9432
13.044 841.3758 20.9434
13.054 841.3758 20.9444
13.064 841.3781 20.9442
13.074 841.3781 20.9429
13.084 841.3781 20.9437
13.094 841.3772 20.9446
13.104 841.3772 20.9438
13.114 841.3772 20.9433
13.124 841.3772 20.9424
13.134 841.3725 20.9433
13.144 841.3825 20.9445
13.154 841.3909 20.9440
13.164 841.3725 20.9428
13.174 841.3725 20.9424
13.184 841.3688 20.9438
13.194 841.3654 20.9445
13.204 841.3654 20.9433
13.214 841.3654 20.9430
13.224 841.3814 20.9432
13.234 841.3814 20.9433
13.244 841.3842 20.9442
13.254 841.3904 20.9444
13.264 841.3814 20.9438
13.274 841.3814 20.9429
13.284 841.3817 20.9418
13.294 841.3814 20.9442
13.304 841.3783 20.9444
13.314 841.3814 20.9436
13.324 841.3783 20.9446
13.334 841.3713 20.9448
13.344 841.3655 20.9445
13.354 841.3641 20.9442
13.364 841.3641 20.9441
13.374 841.3713 20.9440
13.384 841.3641 20.9434
13.394 841.3764 20.9433
13.404 841.3764 20.9445
13.414 841.3683 20.9442
13.424 841.3683 20.9436
13.434 841.3683 20.9422
13.444 841.3683 20.9426
13.454 841.3683 20.9452
13.464 841.3696 20.9437
13.474 841.3683 20.9404
13.484 841.3671 20.9425
13.494 841.3671 20.9438
13.504 841.3721 20.9413
13.514 841.3721 20.9422
13.524 841.3722 20.9450
13.534 841.3722 20.9454
13.544 841.3722 20.9448
13.554 841.3722 20.9428
13.564 841.3481 20.9434
13.574 841.3461 20.9454
13.584 841.3461 20.9446
13.594 841.3616 20.9445
13.604 841.3610 20.9456
13.614 841.3616 20.9468
13.624 841.3616 20.9441
13.634 841.3616 20.9417
13.644 841.3676 20.9434
13.654 841.3725 20.9450
13.664 841.3851 20.9464
13.674 841.3851 20.9456
13.684 841.3851 20.9436
13.694 841.3915 20.9429
13.704 841.3915 20.9434
13.714 841.3915 20.9438
13.724 841.3924 20.9421
13.734 841.3924 20.9430
13.744 841.3904 20.9450
13.754 841.3862 20.9453
13.764 841.3862 20.9437
13.774 841.3815 20.9425
13.784 841.3815 20.9440
13.794 841.3809 20.9450
13.804 841.3646 20.9450
13.814 841.3809 20.9440
13.824 841.3809 20.9437
13.834 841.3809 20.9440
13.844 841.3683 20.9445
13.854 841.3921 20.9452
13.864 841.3921 20.9445
13.874 841.3744 20.9437
13.884 841.3744 20.9434
13.894 841.3744 20.9433
13.904 841.3582 20.9442
13.914 841.3565 20.9452
13.924 841.3565 20.9452
13.934 841.3582 20.9446
13.944 841.3784 20.9446
13.954 841.3837 20.9453
13.964 841.3856 20.9452
13.974 841.3927 20.9448
13.984 841.3927 20.9446
13.994 841.3927 20.9441
14.004 841.3837 20.9437
14.014 841.3837 20.9450
14.024 841.3837 20.9458
14.034 841.3731 20.9456
14.044 841.3731 20.9438
14.054 841.3927 20.9436
14.064 841.3694 20.9449
14.074 841.3680 20.9464
14.084 841.3680 20.9458
14.094 841.3671 20.9434
14.104 841.3671 20.9432
14.114 841.3671 20.9430
14.124 841.3671 20.9434
14.134 841.3671 20.9444
14.144 841.3680 20.9444
14.154 841.3716 20.9421
14.164 841.3537 20.9418
14.174 841.3702 20.9436
14.184 841.3817 20.9430
14.194 841.3817 20.9421
14.204 841.3817 20.9428
14.214 841.3957 20.9430
14.224 841.3957 20.9425
14.234 841.3957 20.9425
14.244 841.3979 20.9438
14.254 841.3812 20.9457
14.264 841.3792 20.9460
14.274 841.3792 20.9448
14.284 841.3792 20.9432
14.294 841.3696 20.9428
14.304 841.3696 20.9442
14.314 841.3764 20.9434
14.324 841.3792 20.9434
14.334 841.3764 20.9446
14.344 841.3764 20.9440
14.354 841.3691 20.9454
14.364 841.3691 20.9458
14.374 841.3691 20.9448
14.384 841.3806 20.9440
14.394 841.3960 20.9438
14.404 841.3960 20.9437
14.414 841.3806 20.9428
14.424 841.3753 20.9438
14.434 841.3753 20.9445
14.444 841.3660 20.9433
14.454 841.3753 20.9430
14.464 841.3753 20.9441
14.474 841.3753 20.9441
14.484 841.3753 20.9437
14.494 841.3829 20.9441
14.504 841.3753 20.9444
14.514 841.3829 20.9457
14.524 841.3829 20.9462
14.534 841.3733 20.9448
14.544 841.3733 20.9444
14.554 841.3733 20.9450
14.564 841.3733 20.9452
14.574 841.3731 20.9453
14.584 841.3834 20.9452
14.594 841.3742 20.9445
14.604 841.3742 20.9445
14.614 841.3742 20.9448
14.624 841.3742 20.9458
14.634 841.3691 20.9452
14.644 841.3680 20.9442
14.654 841.3657 20.9448
14.664 841.3657 20.9429
14.674 841.3657 20.9408
14.684 841.3657 20.9418
14.694 841.3657 20.9445
14.704 841.3679 20.9445
14.714 841.3719 20.9441
14.724 841.3772 20.9438
14.734 841.3772 20.9433
14.744 841.3772 20.9446
14.754 841.3772 20.9445
14.764 841.3772 20.9425
14.774 841.3744 20.9426
14.784 841.3750 20.9445
14.794 841.3777 20.9440
14.804 841.3750 20.9436
14.814 841.3750 20.9425
14.824 841.3777 20.9417
14.834 841.3839 20.9422
14.844 841.3856 20.9421
14.854 841.3903 20.9425
14.864 841.3903 20.9430
14.874 841.3856 20.9433
14.884 841.3839 20.9420
14.894 841.3839 20.9417
14.904 841.3760 20.9430
14.914 841.3839 20.9432
14.924 841.3876 20.9432
14.934 841.3876 20.9445
14.944 841.3769 20.9456
14.954 841.3769 20.9445
14.964 841.3702 20.9429
14.974 841.3629 20.9418
14.984 841.3576 20.9422
14.994 841.3576 20.9434
15.004 841.3576 20.9433
15.014 841.3610 20.9425
15.024 841.3610 20.9422
15.034 841.3721 20.9433
15.044 841.3721 20.9441
15.054 841.3610 20.9441
15.064 841.3761 20.9441
15.074 841.3856 20.9456
15.084 841.3856 20.9444
15.094 841.3909 20.9414
15.104 841.3943 20.9424
15.114 841.3909 20.9446
15.124 841.3909 20.9448
15.134 841.3831 20.9442
15.144 841.3682 20.9453
15.154 841.3682 20.9441
15.164 841.3682 20.9428
15.174 841.3697 20.9422
15.184 841.3713 20.9434
15.194 841.3862 20.9450
15.204 841.3839 20.9441
15.214 841.3839 20.9433
15.224 841.3862 20.9422
15.234 841.3839 20.9432
15.244 841.3808 20.9449
15.254 841.3808 20.9433
15.264 841.3946 20.9410
15.274 841.3750 20.9418
15.284 841.3750 20.9441
15.294 841.3750 20.9452
15.304 841.3713 20.9437
15.314 841.3668 20.9434
15.324 841.3668 20.9434
15.334 841.3713 20.9421
15.344 841.3839 20.9430
15.354 841.3935 20.9441
15.364 841.3966 20.9444
15.374 841.3966 20.9445
15.384 841.3935 20.9442
15.394 841.3806 20.9454
15.404 841.3789 20.9454
15.414 841.3733 20.9436
15.424 841.3596 20.9434
15.434 841.3596 20.9436
15.444 841.3682 20.9432
15.454 841.3682 20.9440
15.464 841.3682 20.9428
15.474 841.3682 20.9422
15.484 841.3646 20.9422
15.494 841.3646 20.9418
15.504 841.3904 20.9437
15.514 841.3820 20.9441
15.524 841.3820 20.9429
15.534 841.3904 20.9429
15.544 841.3820 20.9436
15.554 841.3744 20.9425
15.564 841.3744 20.9432
15.574 841.3744 20.9441
15.584 841.3744 20.9428
15.594 841.3744 20.9428
15.604 841.3750 20.9436
15.614 841.3750 20.9437
15.624 841.3778 20.9444
15.634 841.3778 20.9440
15.644 841.3778 20.9449
15.654 841.3778 20.9464
15.664 841.3778 20.9457
15.674 841.3814 20.9450
15.684 841.3814 20.9441
15.694 841.3814 20.9434
15.704 841.3784 20.9433
15.714 841.3778 20.9444
15.724 841.3778 20.9448
15.734 841.3778 20.9441
15.744 841.3778 20.9445
15.754 841.3778 20.9428
15.764 841.3780 20.9430
15.774 841.3719 20.9445
15.784 841.3780 20.9426
15.794 841.3719 20.9428
15.804 841.3691 20.9437
15.814 841.3646 20.9448
15.824 841.3691 20.9442
15.834 841.3691 20.9436
15.844 841.3742 20.9430
15.854 841.3742 20.9449
15.864 841.3742 20.9456
15.874 841.3742 20.9432
15.884 841.3742 20.9430
15.894 841.3736 20.9434
15.904 841.3736 20.9434
15.914 841.3892 20.9429
15.924 841.3736 20.9425
15.934 841.3727 20.9424
15.944 841.3727 20.9429
15.954 841.3730 20.9433
15.964 841.3730 20.9429
15.974 841.3769 20.9418
15.984 841.3769 20.9418
15.994 841.3805 20.9414
16.004 841.3847 20.9413
16.014 841.3805 20.9416
16.024 841.3786 20.9416
16.034 841.3786 20.9437
16.044 841.3786 20.9445
16.054 841.3786 20.9429
16.064 841.3839 20.9414
16.074 841.3858 20.9416
16.084 841.3858 20.9428
16.094 841.3858 20.9441
16.104 841.3798 20.9458
16.114 841.3733 20.9444
16.124 841.3733 20.9426
16.134 841.3679 20.9429
16.144 841.3593 20.9438
16.154 841.3593 20.9450
16.164 841.3593 20.9441
16.174 841.3593 20.9424
16.184 841.3593 20.9422
16.194 841.3579 20.9434
16.204 841.3579 20.9426
16.214 841.3579 20.9416
16.224 841.3579 20.9422
16.234 841.3660 20.9448
16.244 841.3674 20.9449
16.254 841.3674 20.9416
16.264 841.3674 20.9433
16.274 841.3674 20.9445
16.284 841.3556 20.9432
16.294 841.3556 20.9434
16.304 841.3556 20.9441
16.314 841.3495 20.9444
16.324 841.3658 20.9448
16.334 841.3958 20.9458
16.344 841.3658 20.9454
16.354 841.3523 20.9460
16.364 841.3800 20.9456
16.374 841.3800 20.9433
16.384 841.3800 20.9436
16.394 841.3825 20.9440
16.404 841.3825 20.9444
16.414 841.3828 20.9449
16.424 841.3828 20.9444
16.434 841.3784 20.9433
16.444 841.3784 20.9426
16.454 841.3828 20.9444
16.464 841.3784 20.9452
16.474 841.3784 20.9441
16.484 841.3716 20.9422
16.494 841.3716 20.9420
16.504 841.3716 20.9442
16.514 841.3716 20.9449
16.524 841.3778 20.9441
16.534 841.3812 20.9444
16.544 841.3828 20.9441
16.554 841.3828 20.9444
16.564 841.3859 20.9450
16.574 841.3859 20.9453
16.584 841.3753 20.9432
16.594 841.3753 20.9429
16.604 841.3753 20.9449
16.614 841.3660 20.9444
16.624 841.3730 20.9453
16.634 841.3730 20.9441
16.644 841.3694 20.9426
16.654 841.3694 20.9441
16.664 841.3730 20.9438
16.674 841.3778 20.9437
16.684 841.3808 20.9457
16.694 841.3845 20.9442
16.704 841.3845 20.9424
16.714 841.3845 20.9441
16.724 841.3839 20.9448
16.734 841.3839 20.9438
16.744 841.3812 20.9430
16.754 841.3806 20.9448
16.764 841.3812 20.9457
16.774 841.3798 20.9457
16.784 841.3812 20.9454
16.794 841.3823 20.9442
16.804 841.3885 20.9444
16.814 841.3893 20.9452
16.824 841.3893 20.9456
16.834 841.3885 20.9430
16.844 841.3828 20.9433
16.854 841.3727 20.9434
16.864 841.3727 20.9422
16.874 841.3596 20.9441
16.884 841.3683 20.9442
16.894 841.3683 20.9444
16.904 841.3635 20.9460
16.914 841.3635 20.9445
16.924 841.3683 20.9433
16.934 841.3767 20.9444
16.944 841.3767 20.9442
16.954 841.3767 20.9434
16.964 841.3767 20.9434
16.974 841.3767 20.9436
16.984 841.3760 20.9426
16.994 841.3767 20.9412
17.004 841.3760 20.9409
17.014 841.3833 20.9424
17.024 841.3760 20.9441
17.034 841.3941 20.9446
17.044 841.3648 20.9440
17.054 841.3853 20.9425
17.064 841.3691 20.9412
17.074 841.3853 20.9429
17.084 841.3853 20.9440
17.094 841.3853 20.9433
17.104 841.3716 20.9433
17.114 841.3716 20.9428
17.124 841.3674 20.9429
17.134 841.3674 20.9432
17.144 841.3668 20.9438
17.154 841.3668 20.9438
17.164 841.3668 20.9429
17.174 841.3713 20.9418
17.184 841.3668 20.9426
17.194 841.3629 20.9445
17.204 841.3713 20.9428
17.214 841.3733 20.9417
17.224 841.3733 20.9429
17.234 841.3733 20.9444
17.244 841.3887 20.9446
17.254 841.3733 20.9442
17.264 841.3941 20.9446
17.274 841.3940 20.9448
17.284 841.3940 20.9432
17.294 841.3772 20.9422
17.304 841.3789 20.9430
17.314 841.3772 20.9433
17.324 841.3660 20.9430
17.334 841.3660 20.9429
17.344 841.3657 20.9440
17.354 841.3657 20.9434
17.364 841.3739 20.9428
17.374 841.3962 20.9441
17.384 841.3739 20.9438
17.394 841.3775 20.9425
17.404 841.3739 20.9425
17.414 841.3660 20.9424
17.424 841.3660 20.9416
17.434 841.3775 20.9421
17.444 841.3651 20.9436
17.454 841.3783 20.9438
17.464 841.3783 20.9434
17.474 841.3839 20.9434
17.484 841.3727 20.9433
17.494 841.3727 20.9432
17.504 841.3727 20.9433
17.514 841.3727 20.9450
17.524 841.3590 20.9446
17.534 841.3546 20.9436
17.544 841.3542 20.9440
17.554 841.3542 20.9425
17.564 841.3590 20.9430
17.574 841.3542 20.9436
17.584 841.3517 20.9420
17.594 841.3682 20.9432
17.604 841.3682 20.9437
17.614 841.3646 20.9425
17.624 841.3727 20.9418
17.634 841.3727 20.9426
17.644 841.3646 20.9444
17.654 841.3626 20.9446
17.664 841.3626 20.9433
17.674 841.3626 20.9422
17.684 841.3626 20.9437
17.694 841.3520 20.9433
17.704 841.3744 20.9432
17.714 841.3744 20.9437
17.724 841.3744 20.9425
17.734 841.3851 20.9432
17.744 841.3851 20.9445
17.754 841.3903 20.9436
17.764 841.3851 20.9424
17.774 841.3822 20.9421
17.784 841.3705 20.9426
17.794 841.3705 20.9430
17.804 841.3579 20.9422
17.814 841.3517 20.9421
17.824 841.3517 20.9413
17.834 841.3517 20.9413
17.844 841.3716 20.9428
17.854 841.3746 20.9425
17.864 841.3746 20.9424
17.874 841.3746 20.9418
17.884 841.3685 20.9413
17.894 841.3668 20.9416
17.904 841.3668 20.9420
17.914 841.3668 20.9429
17.924 841.3671 20.9420
17.934 841.3671 20.9422
17.944 841.3685 20.9437
17.954 841.3685 20.9421
17.964 841.3685 20.9425
17.974 841.3668 20.9432
17.984 841.3710 20.9412
17.994 841.3719 20.9413
18.004 841.3668 20.9421
18.014 841.3668 20.9421
18.024 841.3587 20.9422
18.034 841.3562 20.9413
18.044 841.3562 20.9413
18.054 841.3533 20.9434
18.064 841.3562 20.9441
18.074 841.3576 20.9434
18.084 841.3677 20.9433
18.094 841.3696 20.9426
18.104 841.3696 20.9408
18.114 841.3696 20.9405
18.124 841.3808 20.9430
18.134 841.3766 20.9445
18.144 841.3669 20.9422
18.154 841.3669 20.9428
18.164 841.3615 20.9436
18.174 841.3615 20.9416
18.184 841.3606 20.9424
18.194 841.3606 20.9432
18.204 841.3657 20.9421
18.214 841.3688 20.9414
18.224 841.3691 20.9414
18.234 841.3710 20.9422
18.244 841.3691 20.9432
18.254 841.3691 20.9433
18.264 841.3551 20.9430
18.274 841.3467 20.9429
18.284 841.3467 20.9437
18.294 841.3514 20.9432
18.304 841.3551 20.9412
18.314 841.3598 20.9404
18.324 841.3606 20.9416
18.334 841.3606 20.9425
18.344 841.3635 20.9429
18.354 841.3635 20.9437
18.364 841.3514 20.9418
18.374 841.3514 20.9412
18.384 841.3514 20.9422
18.394 841.3514 20.9413
18.404 841.3629 20.9436
18.414 841.3629 20.9438
18.424 841.3498 20.9410
18.434 841.3601 20.9417
18.444 841.3556 20.9422
18.454 841.3556 20.9429
18.464 841.3556 20.9432
18.474 841.3556 20.9420
18.484 841.3556 20.9410
18.494 841.3609 20.9414
18.504 841.3609 20.9417
18.514 841.3645 20.9410
18.524 841.3645 20.9418
18.534 841.3645 20.9436
18.544 841.3566 20.9424
18.554 841.3488 20.9400
18.564 841.3424 20.9389
18.574 841.3488 20.9412
18.584 841.3566 20.9425
18.594 841.3424 20.9418
18.604 841.3503 20.9429
18.614 841.3685 20.9432
18.624 841.3584 20.9422
18.634 841.3503 20.9409
18.644 841.3584 20.9429
18.654 841.3637 20.9437
18.664 841.3584 20.9412
18.674 841.3609 20.9406
18.684 841.3609 20.9401
18.694 841.3609 20.9393
18.704 841.3542 20.9409
18.714 841.3542 20.9418
18.724 841.3508 20.9417
18.734 841.3542 20.9421
18.744 841.3475 20.9426
18.754 841.3399 20.9413
18.764 841.3399 20.9409
18.774 841.3475 20.9413
18.784 841.3399 20.9414
18.794 841.3391 20.9444
18.804 841.3368 20.9433
18.814 841.3391 20.9428
18.824 841.3391 20.9436
18.834 841.3307 20.9417
18.844 841.3379 20.9418
18.854 841.3394 20.9417
18.864 841.3379 20.9412
18.874 841.3307 20.9418
18.884 841.3273 20.9421
18.894 841.3049 20.9418
18.904 841.2940 20.9417
18.914 841.3001 20.9422
18.924 841.3049 20.9428
18.934 841.3007 20.9424
18.944 841.3007 20.9430
18.954 841.3130 20.9434
18.964 841.3130 20.9429
18.974 841.3007 20.9424
18.984 841.3004 20.9421
18.994 841.2993 20.9420
19.004 841.2878 20.9417
19.014 841.2957 20.9430
19.024 841.2848 20.9434
19.034 841.2845 20.9426
19.044 841.2822 20.9429
19.054 841.2822 20.9432
19.064 841.2822 20.9426
19.074 841.2783 20.9425
19.084 841.2758 20.9432
19.094 841.2640 20.9428
19.104 841.2721 20.9428
19.114 841.2640 20.9417
19.124 841.2721 20.9410
19.134 841.2671 20.9410
19.144 841.2671 20.9409
19.154 841.2517 20.9426
19.164 841.2517 20.9433
19.174 841.2517 20.9433
19.184 841.2517 20.9438
19.194 841.2590 20.9432
19.204 841.2598 20.9428
19.214 841.2598 20.9436
19.224 841.2590 20.9416
19.234 841.2575 20.9402
19.244 841.2575 20.9401
19.254 841.2567 20.9405
19.264 841.2567 20.9409
19.274 841.2561 20.9409
19.284 841.2561 20.9398
19.294 841.2466 20.9405
19.304 841.2561 20.9425
19.314 841.2373 20.9416
19.324 841.2432 20.9410
19.334 841.2432 20.9405
19.344 841.2522 20.9401
19.354 841.2447 20.9404
19.364 841.2522 20.9417
19.374 841.2522 20.9432
19.384 841.2458 20.9430
19.394 841.2458 20.9421
19.404 841.2458 20.9429
19.414 841.2458 20.9429
19.424 841.2441 20.9414
19.434 841.2436 20.9413
19.444 841.2326 20.9426
19.454 841.2436 20.9432
19.464 841.2326 20.9406
19.474 841.2312 20.9401
19.484 841.2326 20.9408
19.494 841.2396 20.9409
19.504 841.2314 20.9416
19.514 841.2314 20.9398
19.524 841.2314 20.9385
19.534 841.2314 20.9404
19.544 841.2295 20.9417
19.554 841.2270 20.9410
19.564 841.2270 20.9408
19.574 841.2270 20.9420
19.584 841.2219 20.9421
19.594 841.2219 20.9400
19.604 841.2219 20.9404
19.614 841.2363 20.9422
19.624 841.2363 20.9424
19.634 841.2363 20.9416
19.644 841.2363 20.9414
19.654 841.2335 20.9426
19.664 841.2335 20.9438
19.674 841.2374 20.9434
19.684 841.2374 20.9429
19.694 841.2374 20.9424
19.704 841.2374 20.9422
19.714 841.2309 20.9424
19.724 841.2248 20.9417
19.734 841.2248 20.9417
19.744 841.2248 20.9408
19.754 841.2228 20.9402
19.764 841.2264 20.9409
19.774 841.2264 20.9412
19.784 841.2264 20.9406
19.794 841.2332 20.9394
19.804 841.2430 20.9406
19.814 841.2380 20.9425
19.824 841.2430 20.9424
19.834 841.2380 20.9424
19.844 841.2380 20.9412
19.854 841.2379 20.9406
19.864 841.2379 20.9424
19.874 841.2379 20.9416
19.884 841.2379 20.9408
19.894 841.2413 20.9430
19.904 841.2489 20.9425
19.914 841.2489 20.9410
19.924 841.2368 20.9428
19.934 841.2489 20.9426
19.944 841.2489 20.9418
19.954 841.2368 20.9433
19.964 841.2435 20.9437
19.974 841.2435 20.9416
19.984 841.2356 20.9402
19.994 841.2356 20.9397
20.004 841.2435 20.9409
20.014 841.2356 20.9424
20.024 841.2429 20.9410
20.034 841.2519 20.9396
20.044 841.2519 20.9400
20.054 841.2519 20.9402
20.064 841.2528 20.9413
20.074 841.2548 20.9422
20.084 841.2548 20.9429
20.094 841.2528 20.9424
20.104 841.2497 20.9410
20.114 841.2497 20.9416
20.124 841.2497 20.9409
20.134 841.2497 20.9417
20.144 841.2466 20.9432
20.154 841.2500 20.9425
20.164 841.2466 20.9418
20.174 841.2466 20.9409
20.184 841.2503 20.9402
20.194 841.2503 20.9418
20.204 841.2503 20.9409
20.214 841.2511 20.9398
20.224 841.2564 20.9400
20.234 841.2564 20.9406
20.244 841.2564 20.9426
20.254 841.2536 20.9436
20.264 841.2628 20.9426
20.274 841.2536 20.9404
20.284 841.2536 20.9398
20.294 841.2479 20.9384
20.304 841.2479 20.9388
20.314 841.2479 20.9402
20.324 841.2334 20.9404
20.334 841.2334 20.9414
20.344 841.2545 20.9422
20.354 841.2595 20.9430
20.364 841.2545 20.9422
20.374 841.2545 20.9421
20.384 841.2517 20.9417
20.394 841.2494 20.9408
20.404 841.2494 20.9424
20.414 841.2494 20.9414
20.424 841.2500 20.9396
20.434 841.2500 20.9409
20.444 841.2500 20.9405
20.454 841.2365 20.9396
20.464 841.2315 20.9401
20.474 841.2315 20.9409
20.484 841.2365 20.9420
20.494 841.2402 20.9410
20.504 841.2455 20.9412
20.514 841.2463 20.9430
20.524 841.2463 20.9420
20.534 841.2534 20.9408
20.544 841.2463 20.9418
20.554 841.2424 20.9425
20.564 841.2402 20.9421
20.574 841.2424 20.9421
20.584 841.2402 20.9410
20.594 841.2357 20.9394
20.604 841.2402 20.9404
20.614 841.2483 20.9413
20.624 841.2483 20.9409
20.634 841.2514 20.9424
20.644 841.2522 20.9418
20.654 841.2522 20.9410
20.664 841.2522 20.9420
20.674 841.2522 20.9418
20.684 841.2522 20.9412
20.694 841.2522 20.9406
20.704 841.2522 20.9421
20.714 841.2483 20.9414
20.724 841.2410 20.9406
20.734 841.2365 20.9417
20.744 841.2365 20.9409
20.754 841.2449 20.9393
20.764 841.2365 20.9401
20.774 841.2449 20.9409
20.784 841.2460 20.9406
20.794 841.2460 20.9406
20.804 841.2502 20.9410
20.814 841.2502 20.9422
20.824 841.2502 20.9418
20.834 841.2502 20.9404
20.844 841.2488 20.9401
20.854 841.2488 20.9410
20.864 841.2466 20.9409
20.874 841.2502 20.9404
20.884 841.2466 20.9408
20.894 841.2463 20.9420
20.904 841.2463 20.9414
20.914 841.2424 20.9400
20.924 841.2379 20.9402
20.934 841.2424 20.9405
20.944 841.2485 20.9394
20.954 841.2500 20.9389
20.964 841.2500 20.9409
20.974 841.2561 20.9406
20.984 841.2561 20.9405
20.994 841.2561 20.9405
21.004 841.2544 20.9385
21.014 841.2544 20.9406
21.024 841.2357 20.9426
21.034 841.2357 20.9429
21.044 841.2357 20.9405
21.054 841.2379 20.9378
21.064 841.2429 20.9394
21.074 841.2463 20.9400
21.084 841.2463 20.9392
21.094 841.2429 20.9408
21.104 841.2463 20.9420
21.114 841.2466 20.9422
21.124 841.2472 20.9428
21.134 841.2466 20.9409
21.144 841.2466 20.9401
21.154 841.2427 20.9417
21.164 841.2404 20.9414
21.174 841.2404 20.9404
21.184 841.2427 20.9400
21.194 841.2404 20.9402
21.204 841.2449 20.9409
21.214 841.2502 20.9410
21.224 841.2449 20.9404
21.234 841.2640 20.9393
21.244 841.2640 20.9400
21.254 841.2606 20.9412
21.264 841.2469 20.9412
21.274 841.2606 20.9402
21.284 841.2469 20.9409
21.294 841.2311 20.9416
21.304 841.2311 20.9396
21.314 841.2365 20.9392
21.324 841.2365 20.9402
21.334 841.2365 20.9393
21.344 841.2365 20.9401
21.354 841.2289 20.9406
21.364 841.2289 20.9397
21.374 841.2289 20.9408
21.384 841.2362 20.9424
21.394 841.2362 20.9417
21.404 841.2370 20.9408
21.414 841.2362 20.9408
21.424 841.2362 20.9380
21.434 841.2370 20.9377
21.444 841.2435 20.9404
21.454 841.2455 20.9413
21.464 841.2523 20.9410
21.474 841.2523 20.9413
21.484 841.2523 20.9428
21.494 841.2523 20.9416
21.504 841.2523 20.9398
21.514 841.2497 20.9405
21.524 841.2536 20.9393
21.534 841.2474 20.9381
21.544 841.2421 20.9394
21.554 841.2390 20.9404
21.564 841.2421 20.9396
21.574 841.2421 20.9400
21.584 841.2421 20.9406
21.594 841.2469 20.9410
21.604 841.2496 20.9405
21.614 841.2469 20.9386
21.624 841.2415 20.9392
21.634 841.2415 20.9396
21.644 841.2415 20.9401
21.654 841.2415 20.9392
21.664 841.2444 20.9400
21.674 841.2444 20.9414
21.684 841.2491 20.9405
21.694 841.2444 20.9418
21.704 841.2471 20.9417
21.714 841.2430 20.9402
21.724 841.2430 20.9396
21.734 841.2430 20.9408
21.744 841.2471 20.9420
21.754 841.2430 20.9420
21.764 841.2522 20.9413
21.774 841.2525 20.9398
21.784 841.2522 20.9396
21.794 841.2485 20.9404
21.804 841.2485 20.9394
21.814 841.2446 20.9392
21.824 841.2261 20.9392
21.834 841.2261 20.9381
21.844 841.2261 20.9398
21.854 841.2241 20.9394
21.864 841.2241 20.9392
21.874 841.2334 20.9390
21.884 841.2334 20.9378
21.894 841.2334 20.9378
21.904 841.2594 20.9378
21.914 841.2594 20.9393
21.924 841.2617 20.9382
21.934 841.2594 20.9388
21.944 841.2471 20.9408
21.954 841.2471 20.9400
21.964 841.2429 20.9388
21.974 841.2429 20.9388
21.984 841.2555 20.9384
21.994 841.2575 20.9381
22.004 841.2575 20.9393
22.014 841.2575 20.9397
22.024 841.2510 20.9402
22.034 841.2368 20.9390
22.044 841.2267 20.9382
22.054 841.2258 20.9386
22.064 841.2258 20.9388
22.074 841.2267 20.9377
22.084 841.2476 20.9374
22.094 841.2519 20.9386
22.104 841.2519 20.9394
22.114 841.2519 20.9397
22.124 841.2480 20.9401
22.134 841.2471 20.9400
22.144 841.2471 20.9388
22.154 841.2471 20.9393
22.164 841.2471 20.9398
22.174 841.2544 20.9394
22.184 841.2544 20.9385
22.194 841.2541 20.9380
22.204 841.2594 20.9381
22.214 841.2541 20.9378
22.224 841.2339 20.9382
22.234 841.2339 20.9373
22.244 841.2477 20.9384
22.254 841.2339 20.9406
22.264 841.2477 20.9390
22.274 841.2477 20.9390
22.284 841.2527 20.9398
22.294 841.2373 20.9390
22.304 841.2463 20.9374
22.314 841.2463 20.9373
22.324 841.2491 20.9384
22.334 841.2491 20.9393
22.344 841.2575 20.9397
22.354 841.2575 20.9389
22.364 841.2575 20.9393
22.374 841.2575 20.9401
22.384 841.2415 20.9398
22.394 841.2415 20.9390
22.404 841.2376 20.9390
22.414 841.2376 20.9393
22.424 841.2482 20.9382
22.434 841.2558 20.9386
22.444 841.2482 20.9377
22.454 841.2482 20.9373
22.464 841.2474 20.9389
22.474 841.2460 20.9381
22.484 841.2460 20.9382
22.494 841.2460 20.9377
22.504 841.2527 20.9382
22.514 841.2535 20.9384
22.524 841.2535 20.9386
22.534 841.2535 20.9393
22.544 841.2418 20.9370
22.554 841.2418 20.9362
22.564 841.2418 20.9378
22.574 841.2446 20.9386
22.584 841.2446 20.9398
22.594 841.2617 20.9408
22.604 841.2617 20.9397
22.614 841.2617 20.9385
22.624 841.2617 20.9384
22.634 841.2661 20.9374
22.644 841.2661 20.9373
22.654 841.2661 20.9382
22.664 841.2426 20.9385
22.674 841.2426 20.9393
22.684 841.2426 20.9382
22.694 841.2426 20.9364
22.704 841.2426 20.9362
22.714 841.2395 20.9376
22.724 841.2471 20.9372
22.734 841.2471 20.9368
22.744 841.2535 20.9386
22.754 841.2535 20.9397
22.764 841.2619 20.9386
22.774 841.2620 20.9381
22.784 841.2603 20.9394
22.794 841.2603 20.9397
22.804 841.2608 20.9394
22.814 841.2603 20.9396
22.824 841.2603 20.9389
22.834 841.2555 20.9393
22.844 841.2488 20.9398
22.854 841.2488 20.9393
22.864 841.2488 20.9380
22.874 841.2451 20.9382
22.884 841.2451 20.9385
22.894 841.2451 20.9378
22.904 841.2451 20.9386
22.914 841.2567 20.9402
22.924 841.2567 20.9417
22.934 841.2567 20.9404
22.944 841.2457 20.9381
22.954 841.2457 20.9378
22.964 841.2317 20.9381
22.974 841.2255 20.9396
22.984 841.2317 20.9394
22.994 841.2317 20.9384
23.004 841.2317 20.9402
23.014 841.2317 20.9412
23.024 841.2337 20.9397
23.034 841.2367 20.9373
23.044 841.2373 20.9362
23.054 841.2451 20.9370
23.064 841.2451 20.9378
23.074 841.2367 20.9389
23.084 841.2351 20.9394
23.094 841.2295 20.9392
23.104 841.2295 20.9385
23.114 841.2295 20.9386
23.124 841.2303 20.9390
23.134 841.2356 20.9380
23.144 841.2446 20.9390
23.154 841.2356 20.9389
23.164 841.2371 20.9376
23.174 841.2371 20.9386
23.184 841.2446 20.9404
23.194 841.2527 20.9418
23.204 841.2527 20.9402
23.214 841.2527 20.9382
23.224 841.2454 20.9388
23.234 841.2454 20.9390
23.244 841.2454 20.9385
23.254 841.2471 20.9392
23.264 841.2547 20.9396
23.274 841.2547 20.9397
23.284 841.2471 20.9392
23.294 841.2580 20.9381
23.304 841.2376 20.9382
23.314 841.2376 20.9370
23.324 841.2480 20.9373
23.334 841.2480 20.9392
23.344 841.2451 20.9392
23.354 841.2451 20.9386
23.364 841.2451 20.9388
23.374 841.2387 20.9381
23.384 841.2387 20.9370
23.394 841.2636 20.9364
23.404 841.2636 20.9377
23.414 841.2521 20.9389
23.424 841.2636 20.9382
23.434 841.2521 20.9380
23.444 841.2521 20.9378
23.454 841.2521 20.9376
23.464 841.2518 20.9365
23.474 841.2518 20.9378
23.484 841.2524 20.9404
23.494 841.2648 20.9397
23.504 841.2648 20.9400
23.514 841.2648 20.9416
23.524 841.2648 20.9402
23.534 841.2637 20.9389
23.544 841.2637 20.9394
23.554 841.2661 20.9376
23.564 841.2661 20.9366
23.574 841.2647 20.9374
23.584 841.2661 20.9384
23.594 841.2647 20.9405
23.604 841.2575 20.9413
23.614 841.2546 20.9393
23.624 841.2493 20.9374
23.634 841.2490 20.9376
23.644 841.2493 20.9373
23.654 841.2490 20.9368
23.664 841.2490 20.9380
23.674 841.2462 20.9382
23.684 841.2504 20.9373
23.694 841.2440 20.9381
23.704 841.2440 20.9378
23.714 841.2440 20.9377
23.724 841.2550 20.9373
23.734 841.2550 20.9377
23.744 841.2574 20.9393
23.754 841.2667 20.9377
23.764 841.2577 20.9365
23.774 841.2667 20.9370
23.784 841.2720 20.9374
23.794 841.2720 20.9380
23.804 841.2661 20.9377
23.814 841.2748 20.9366
23.824 841.2661 20.9364
23.834 841.2588 20.9384
23.844 841.2477 20.9398
23.854 841.2477 20.9386
23.864 841.2477 20.9385
23.874 841.2451 20.9386
23.884 841.2502 20.9384
23.894 841.2502 20.9378
23.904 841.2504 20.9372
23.914 841.2493 20.9366
23.924 841.2504 20.9368
23.934 841.2558 20.9378
23.944 841.2558 20.9389
23.954 841.2454 20.9381
23.964 841.2454 20.9378
23.974 841.2454 20.9388
23.984 841.2454 20.9381
23.994 841.2594 20.9384
24.004 841.2631 20.9382
24.014 841.2631 20.9388
24.024 841.2650 20.9385
24.034 841.2697 20.9368
24.044 841.2650 20.9368
24.054 841.2476 20.9378
24.064 841.2476 20.9376
24.074 841.2476 20.9374
24.084 841.2476 20.9381
24.094 841.2628 20.9378
24.104 841.2628 20.9382
24.114 841.2628 20.9390
24.124 841.2628 20.9385
24.134 841.2533 20.9397
24.144 841.2499 20.9389
24.154 841.2474 20.9390
24.164 841.2499 20.9393
24.174 841.2499 20.9369
24.184 841.2499 20.9362
24.194 841.2602 20.9361
24.204 841.2602 20.9378
24.214 841.2608 20.9370
24.224 841.2541 20.9360
24.234 841.2541 20.9381
24.244 841.2462 20.9389
24.254 841.2440 20.9365
24.264 841.2440 20.9360
24.274 841.2378 20.9365
24.284 841.2378 20.9369
24.294 841.2468 20.9385
24.304 841.2667 20.9378
24.314 841.2597 20.9357
24.324 841.2731 20.9360
24.334 841.2731 20.9376
24.344 841.2703 20.9385
24.354 841.2597 20.9378
24.364 841.2567 20.9385
24.374 841.2566 20.9401
24.384 841.2546 20.9389
24.394 841.2544 20.9368
24.404 841.2465 20.9374
24.414 841.2465 20.9389
24.424 841.2465 20.9385
24.434 841.2417 20.9385
24.444 841.2417 20.9373
24.454 841.2359 20.9370
24.464 841.2417 20.9382
24.474 841.2359 20.9378
24.484 841.2348 20.9382
24.494 841.2308 20.9385
24.504 841.2333 20.9374
24.514 841.2333 20.9382
24.524 841.2333 20.9370
24.534 841.2348 20.9354
24.544 841.2423 20.9361
24.554 841.2431 20.9377
24.564 841.2431 20.9389
24.574 841.2561 20.9377
24.584 841.2633 20.9369
24.594 841.2633 20.9382
24.604 841.2650 20.9382
24.614 841.2566 20.9376
24.624 841.2566 20.9385
24.634 841.2535 20.9377
24.644 841.2535 20.9364
24.654 841.2535 20.9386
24.664 841.2535 20.9405
24.674 841.2591 20.9396
24.684 841.2591 20.9381
24.694 841.2591 20.9373
24.704 841.2420 20.9378
24.714 841.2364 20.9372
24.724 841.2364 20.9361
24.734 841.2420 20.9361
24.744 841.2364 20.9377
24.754 841.2432 20.9370
24.764 841.2459 20.9360
24.774 841.2459 20.9368
24.784 841.2459 20.9366
24.794 841.2459 20.9366
24.804 841.2459 20.9382
24.814 841.2459 20.9397
24.824 841.2561 20.9389
24.834 841.2594 20.9388
24.844 841.2636 20.9378
24.854 841.2664 20.9374
24.864 841.2650 20.9384
24.874 841.2650 20.9380
24.884 841.2650 20.9361
24.894 841.2650 20.9361
24.904 841.2543 20.9368
24.914 841.2543 20.9366
24.924 841.2505 20.9373
24.934 841.2543 20.9386
24.944 841.2505 20.9388
24.954 841.2505 20.9372
24.964 841.2505 20.9358
24.974 841.2308 20.9361
24.984 841.2308 20.9374
24.994 841.2330 20.9358
25.004 841.2513 20.9361
25.014 841.2330 20.9376
25.024 841.2482 20.9362
25.034 841.2482 20.9366
25.044 841.2482 20.9369
25.054 841.2482 20.9369
25.064 841.2482 20.9382
25.074 841.2544 20.9372
25.084 841.2544 20.9364
25.094 841.2555 20.9366
25.104 841.2560 20.9354
25.114 841.2560 20.9356
25.124 841.2549 20.9377
25.134 841.2549 20.9368
25.144 841.2549 20.9353
25.154 841.2549 20.9373
25.164 841.2549 20.9384
25.174 841.2524 20.9381
25.184 841.2496 20.9360
25.194 841.2496 20.9341
25.204 841.2471 20.9349
25.214 841.2471 20.9366
25.224 841.2501 20.9372
25.234 841.2501 20.9365
25.244 841.2471 20.9362
25.254 841.2501 20.9357
25.264 841.2406 20.9353
25.274 841.2381 20.9356
25.284 841.2370 20.9373
25.294 841.2370 20.9390
25.304 841.2370 20.9396
25.314 841.2443 20.9390
25.324 841.2443 20.9372
25.334 841.2535 20.9369
25.344 841.2588 20.9373
25.354 841.2557 20.9370
25.364 841.2535 20.9364
25.374 841.2535 20.9365
25.384 841.2524 20.9362
25.394 841.2524 20.9368
25.404 841.2496 20.9373
25.414 841.2524 20.9364
25.424 841.2524 20.9372
25.434 841.2482 20.9374
25.444 841.2479 20.9376
25.454 841.2482 20.9369
25.464 841.2479 20.9365
25.474 841.2468 20.9364
25.484 841.2456 20.9362
25.494 841.2468 20.9362
25.504 841.2457 20.9357
25.514 841.2468 20.9374
25.524 841.2476 20.9373
25.534 841.2476 20.9370
25.544 841.2574 20.9373
25.554 841.2574 20.9353
25.564 841.2456 20.9361
25.574 841.2414 20.9366
25.584 841.2328 20.9365
25.594 841.2328 20.9372
25.604 841.2456 20.9368
25.614 841.2493 20.9364
25.624 841.2493 20.9358
25.634 841.2530 20.9366
25.644 841.2493 20.9377
25.654 841.2493 20.9376
25.664 841.2524 20.9378
25.674 841.2530 20.9373
25.684 841.2524 20.9354
25.694 841.2524 20.9340
25.704 841.2571 20.9348
25.714 841.2496 20.9370
25.724 841.2417 20.9361
25.734 841.2496 20.9360
25.744 841.2496 20.9376
25.754 841.2443 20.9361
25.764 841.2443 20.9362
25.774 841.2443 20.9374
25.784 841.2443 20.9358
25.794 841.2523 20.9344
25.804 841.2523 20.9349
25.814 841.2344 20.9360
25.824 841.2515 20.9368
25.834 841.2344 20.9358
25.844 841.2344 20.9345
25.854 841.2515 20.9350
25.864 841.2515 20.9358
25.874 841.2513 20.9372
25.884 841.2571 20.9368
25.894 841.2571 20.9350
25.904 841.2714 20.9354
25.914 841.2714 20.9360
25.924 841.2714 20.9356
25.934 841.2661 20.9349
25.944 841.2661 20.9348
25.954 841.2470 20.9358
25.964 841.2473 20.9360
25.974 841.2473 20.9352
25.984 841.2361 20.9349
25.994 841.2361 20.9338
26.004 841.2473 20.9356
26.014 841.2476 20.9366
26.024 841.2518 20.9356
26.034 841.2518 20.9362
26.044 841.2518 20.9366
26.054 841.2503 20.9365
26.064 841.2495 20.9354
26.074 841.2473 20.9332
26.084 841.2451 20.9344
26.094 841.2425 20.9370
26.104 841.2425 20.9358
26.114 841.2400 20.9354
26.124 841.2425 20.9350
26.134 841.2448 20.9348
26.144 841.2448 20.9353
26.154 841.2252 20.9340
26.164 841.2448 20.9337
26.174 841.2338 20.9345
26.184 841.2338 20.9337
26.194 841.2350 20.9341
26.204 841.2358 20.9354
26.214 841.2358 20.9350
26.224 841.2358 20.9346
26.234 841.2380 20.9345
26.244 841.2484 20.9344
26.254 841.2560 20.9358
26.264 841.2560 20.9366
26.274 841.2560 20.9361
26.284 841.2403 20.9356
26.294 841.2313 20.9346
26.304 841.2313 20.9345
26.314 841.2299 20.9348
26.324 841.2313 20.9349
26.334 841.2218 20.9361
26.344 841.2218 20.9350
26.354 841.2218 20.9340
26.364 841.2339 20.9362
26.374 841.2339 20.9357
26.384 841.2565 20.9364
26.394 841.2565 20.9369
26.404 841.2565 20.9353
26.414 841.2353 20.9353
26.424 841.2344 20.9356
26.434 841.2344 20.9360
26.444 841.2353 20.9356
26.454 841.2383 20.9346
26.464 841.2487 20.9356
26.474 841.2487 20.9356
26.484 841.2487 20.9348
26.494 841.2439 20.9349
26.504 841.2397 20.9334
26.514 841.2374 20.9332
26.524 841.2374 20.9337
26.534 841.2397 20.9340
26.544 841.2692 20.9353
26.554 841.2692 20.9369
26.564 841.2692 20.9373
26.574 841.2692 20.9368
26.584 841.2588 20.9372
26.594 841.2294 20.9369
26.604 841.2588 20.9353
26.614 841.2633 20.9361
26.624 841.2633 20.9380
26.634 841.2633 20.9369
26.644 841.2633 20.9348
26.654 841.2566 20.9364
26.664 841.2538 20.9361
26.674 841.2515 20.9356
26.684 841.2453 20.9361
26.694 841.2453 20.9344
26.704 841.2425 20.9349
26.714 841.2355 20.9340
26.724 841.2372 20.9350
26.734 841.2425 20.9365
26.744 841.2425 20.9349
26.754 841.2504 20.9358
26.764 841.2504 20.9374
26.774 841.2504 20.9356
26.784 841.2408 20.9342
26.794 841.2408 20.9349
26.804 841.2377 20.9346
26.814 841.2377 20.9342
26.824 841.2425 20.9336
26.834 841.2425 20.9341
26.844 841.2464 20.9348
26.854 841.2464 20.9341
26.864 841.2464 20.9337
26.874 841.2464 20.9337
26.884 841.2472 20.9333
26.894 841.2472 20.9332
26.904 841.2537 20.9322
26.914 841.2537 20.9337
26.924 841.2487 20.9346
26.934 841.2487 20.9340
26.944 841.2487 20.9357
26.954 841.2473 20.9356
26.964 841.2473 20.9341
26.974 841.2509 20.9345
26.984 841.2355 20.9353
26.994 841.2361 20.9350
27.004 841.2473 20.9342
27.014 841.2473 20.9344
27.024 841.2473 20.9349
27.034 841.2473 20.9358
27.044 841.2495 20.9352
27.054 841.2495 20.9340
27.064 841.2495 20.9352
27.074 841.2403 20.9345
27.084 841.2398 20.9324
27.094 841.2358 20.9340
27.104 841.2398 20.9361
27.114 841.2398 20.9350
27.124 841.2431 20.9344
27.134 841.2546 20.9353
27.144 841.2546 20.9344
27.154 841.2646 20.9337
27.164 841.2660 20.9354
27.174 841.2660 20.9334
27.184 841.2643 20.9332
27.194 841.2643 20.9334
27.204 841.2515 20.9345
27.214 841.2484 20.9350
27.224 841.2484 20.9338
27.234 841.2343 20.9346
27.244 841.2484 20.9332
27.254 841.2484 20.9328
27.264 841.2526 20.9334
27.274 841.2526 20.9322
27.284 841.2526 20.9333
27.294 841.2649 20.9353
27.304 841.2674 20.9340
27.314 841.2677 20.9328
27.324 841.2696 20.9326
27.334 841.2696 20.9353
27.344 841.2677 20.9357
27.354 841.2596 20.9336
27.364 841.2512 20.9336
27.374 841.2495 20.9330
27.384 841.2495 20.9341
27.394 841.2492 20.9352
27.404 841.2495 20.9328
27.414 841.2495 20.9326
27.424 841.2548 20.9345
27.434 841.2492 20.9333
27.444 841.2548 20.9332
27.454 841.2405 20.9336
27.464 841.2501 20.9337
27.474 841.2501 20.9350
27.484 841.2537 20.9346
27.494 841.2509 20.9348
27.504 841.2537 20.9345
27.514 841.2537 20.9342
27.524 841.2548 20.9344
27.534 841.2559 20.9332
27.544 841.2714 20.9318
27.554 841.2559 20.9318
27.564 841.2688 20.9340
27.574 841.2688 20.9345
27.584 841.2770 20.9332
27.594 841.2688 20.9338
27.604 841.2688 20.9338
27.614 841.2696 20.9337
27.624 841.2649 20.9344
27.634 841.2649 20.9328
27.644 841.2696 20.9329
27.654 841.2696 20.9329
27.664 841.2696 20.9328
27.674 841.2696 20.9328
27.684 841.2696 20.9318
27.694 841.2644 20.9334
27.704 841.2644 20.9349
27.714 841.2644 20.9342
27.724 841.2677 20.9334
27.734 841.2644 20.9332
27.744 841.2629 20.9336
27.754 841.2593 20.9336
27.764 841.2629 20.9341
27.774 841.2629 20.9350
27.784 841.2647 20.9361
27.794 841.2647 20.9364
27.804 841.2784 20.9352
27.814 841.2683 20.9344
27.824 841.2680 20.9345
27.834 841.2680 20.9353
27.844 841.2680 20.9352
27.854 841.2680 20.9334
27.864 841.2677 20.9318
27.874 841.2677 20.9322
27.884 841.2702 20.9326
27.894 841.2716 20.9337
27.904 841.2882 20.9336
27.914 841.2882 20.9338
27.924 841.2882 20.9352
27.934 841.2823 20.9348
27.944 841.2722 20.9324
27.954 841.2716 20.9328
27.964 841.2663 20.9334
27.974 841.2643 20.9321
27.984 841.2643 20.9324
27.994 841.2604 20.9322
28.004 841.2587 20.9328
28.014 841.2587 20.9325
28.024 841.2587 20.9324
28.034 841.2489 20.9336
28.044 841.2545 20.9341
28.054 841.2545 20.9334
28.064 841.2545 20.9328
28.074 841.2562 20.9341
28.084 841.2607 20.9341
28.094 841.2655 20.9328
28.104 841.2635 20.9330
28.114 841.2655 20.9340
28.124 841.2655 20.9338
28.134 841.2635 20.9338
28.144 841.2532 20.9342
28.154 841.2498 20.9345
28.164 841.2391 20.9329
28.174 841.2417 20.9329
28.184 841.2417 20.9342
28.194 841.2470 20.9346
28.204 841.2470 20.9348
28.214 841.2470 20.9330
28.224 841.2517 20.9326
28.234 841.2517 20.9328
28.244 841.2517 20.9328
28.254 841.2431 20.9320
28.264 841.2517 20.9330
28.274 841.2517 20.9337
28.284 841.2517 20.9338
28.294 841.2476 20.9360
28.304 841.2476 20.9358
28.314 841.2476 20.9345
28.324 841.2450 20.9338
28.334 841.2430 20.9332
28.344 841.2430 20.9322
28.354 841.2430 20.9329
28.364 841.2430 20.9336
28.374 841.2430 20.9321
28.384 841.2430 20.9325
28.394 841.2584 20.9333
28.404 841.2640 20.9329
28.414 841.2713 20.9322
28.424 841.2584 20.9328
28.434 841.2713 20.9326
28.444 841.2733 20.9326
28.454 841.2862 20.9337
28.464 841.2862 20.9342
28.474 841.2862 20.9329
28.484 841.2895 20.9302
28.494 841.2895 20.9310
28.504 841.2797 20.9318
28.514 841.2671 20.9312
28.524 841.2760 20.9328
28.534 841.2760 20.9332
28.544 841.2760 20.9310
28.554 841.2760 20.9306
28.564 841.2760 20.9325
28.574 841.2886 20.9321
28.584 841.2960 20.9322
28.594 841.2980 20.9341
28.604 841.2960 20.9334
28.614 841.2960 20.9341
28.624 841.2918 20.9344
28.634 841.2915 20.9345
28.644 841.2893 20.9341
28.654 841.2834 20.9341
28.664 841.2756 20.9356
28.674 841.2756 20.9337
28.684 841.2764 20.9325
28.694 841.2764 20.9328
28.704 841.2764 20.9325
28.714 841.2764 20.9334
28.724 841.2711 20.9330
28.734 841.2711 20.9328
28.744 841.2716 20.9318
28.754 841.2716 20.9313
28.764 841.2800 20.9329
28.774 841.2800 20.9330
28.784 841.2752 20.9332
28.794 841.2752 20.9330
28.804 841.2688 20.9330
28.814 841.2674 20.9325
28.824 841.2649 20.9324
28.834 841.2674 20.9329
28.844 841.2682 20.9320
28.854 841.2649 20.9317
28.864 841.2682 20.9313
28.874 841.2682 20.9305
28.884 841.2682 20.9326
28.894 841.2635 20.9330
28.904 841.2820 20.9328
28.914 841.2814 20.9336
28.924 841.2814 20.9338
28.934 841.2579 20.9344
28.944 841.2674 20.9328
28.954 841.2528 20.9326
28.964 841.2528 20.9333
28.974 841.2587 20.9317
28.984 841.2587 20.9316
28.994 841.2545 20.9325
29.004 841.2587 20.9312
29.014 841.2637 20.9304
29.024 841.2601 20.9324
29.034 841.2637 20.9330
29.044 841.2778 20.9322
29.054 841.2778 20.9334
29.064 841.2632 20.9328
29.074 841.2699 20.9313
29.084 841.2632 20.9333
29.094 841.2632 20.9337
29.104 841.2556 20.9336
29.114 841.2623 20.9333
29.124 841.2623 20.9317
29.134 841.2738 20.9317
29.144 841.2738 20.9316
29.154 841.2738 20.9317
29.164 841.2738 20.9320
29.174 841.2758 20.9316
29.184 841.2783 20.9317
29.194 841.2666 20.9321
29.204 841.2783 20.9333
29.214 841.2783 20.9337
29.224 841.2666 20.9328
29.234 841.2511 20.9320
29.244 841.2511 20.9317
29.254 841.2436 20.9332
29.264 841.2436 20.9326
29.274 841.2503 20.9325
29.284 841.2503 20.9324
29.294 841.2503 20.9296
29.304 841.2503 20.9286
29.314 841.2544 20.9306
29.324 841.2407 20.9345
29.334 841.2413 20.9345
29.344 841.2413 20.9313
29.354 841.2413 20.9297
29.364 841.2413 20.9305
29.374 841.2497 20.9313
29.384 841.2514 20.9321
29.394 841.2514 20.9325
29.404 841.2514 20.9308
29.414 841.2483 20.9306
29.424 841.2483 20.9310
29.434 841.2441 20.9310
29.444 841.2424 20.9314
29.454 841.2424 20.9314
29.464 841.2425 20.9317
29.474 841.2349 20.9320
29.484 841.2425 20.9326
29.494 841.2425 20.9326
29.504 841.2425 20.9308
29.514 841.2264 20.9309
29.524 841.2438 20.9318
29.534 841.2438 20.9306
29.544 841.2609 20.9301
29.554 841.2450 20.9316
29.564 841.2559 20.9332
29.574 841.2573 20.9330
29.584 841.2559 20.9326
29.594 841.2470 20.9309
29.604 841.2470 20.9318
29.614 841.2470 20.9332
29.624 841.2323 20.9310
29.634 841.2323 20.9302
29.644 841.2323 20.9297
29.654 841.2525 20.9309
29.664 841.2604 20.9312
29.674 841.2604 20.9306
29.684 841.2604 20.9316
29.694 841.2576 20.9321
29.704 841.2565 20.9318
29.714 841.2486 20.9318
29.724 841.2441 20.9324
29.734 841.2486 20.9325
29.744 841.2472 20.9321
29.754 841.2355 20.9309
29.764 841.2472 20.9309
29.774 841.2500 20.9305
29.784 841.2500 20.9298
29.794 841.2500 20.9316
29.804 841.2620 20.9337
29.814 841.2620 20.9334
29.824 841.2646 20.9320
29.834 841.2646 20.9302
29.844 841.2646 20.9284
29.854 841.2704 20.9297
29.864 841.2704 20.9313
29.874 841.2561 20.9308
29.884 841.2561 20.9298
29.894 841.2561 20.9304
29.904 841.2531 20.9301
29.914 841.2561 20.9313
29.924 841.2531 20.9329
29.934 841.2385 20.9324
29.944 841.2385 20.9324
29.954 841.2385 20.9325
29.964 841.2357 20.9324
29.974 841.2357 20.9313
29.984 841.2470 20.9302
29.994 841.2584 20.9306
